2.400000000000000000e+01 0.000000000000000000e+00 0.000000000000000000e+00
2.840000000000000000e+02 4.170211267605634653e+00 1.184340000000000146e+03
2.950000000000000000e+02 3.558033898305084541e+00 1.049619999999999891e+03
2.950000000000000000e+02 2.760440677966101930e+00 8.143300000000000409e+02
2.950000000000000000e+02 2.429525423728813749e+00 7.167100000000000364e+02
2.950000000000000000e+02 2.328644067796610262e+00 6.869500000000000455e+02
2.950000000000000000e+02 2.383898305084745761e+00 7.032500000000000000e+02
2.950000000000000000e+02 1.558949152542372873e+00 4.598899999999999864e+02
2.950000000000000000e+02 1.129559322033898416e+00 3.332200000000000273e+02
2.950000000000000000e+02 1.065186440677966084e+00 3.142300000000000182e+02
2.950000000000000000e+02 9.656271186440678056e-01 2.848600000000000136e+02
2.950000000000000000e+02 1.828610169491525550e+00 5.394400000000000546e+02
2.950000000000000000e+02 1.565796610169491343e+00 4.619099999999999682e+02
2.950000000000000000e+02 1.608644067796610067e+00 4.745499999999999545e+02
2.950000000000000000e+02 7.010847457627118473e-01 2.068199999999999932e+02
2.950000000000000000e+02 1.196372881355932227e+00 3.529300000000000068e+02
2.950000000000000000e+02 1.914338983050847487e+00 5.647300000000000182e+02
2.950000000000000000e+02 1.345423728813559316e+00 3.968999999999999773e+02
2.950000000000000000e+02 1.276067796610169447e+00 3.764399999999999977e+02
2.950000000000000000e+02 8.114237288135593973e-01 2.393700000000000330e+02
2.950000000000000000e+02 2.597627118644067479e-01 7.662999999999999545e+01
2.950000000000000000e+02 1.824745762711864339e-01 5.382999999999999829e+01
2.920000000000000000e+02 9.325000000000001066e-01 2.722900000000000205e+02
2.930000000000000000e+02 4.182593856655289488e-01 1.225499999999999829e+02
2.930000000000000000e+02 6.902047781569966567e-01 2.022300000000000182e+02
2.940000000000000000e+02 4.479931972789115702e-01 1.317100000000000080e+02
2.930000000000000000e+02 7.962457337883958874e-02 2.332999999999999829e+01
2.930000000000000000e+02 1.988395904436860151e-01 5.826000000000000512e+01
2.930000000000000000e+02 2.379863481228668698e-01 6.972999999999998977e+01
2.940000000000000000e+02 1.583333333333333259e-01 4.654999999999999716e+01
2.940000000000000000e+02 1.154761904761904823e-01 3.395000000000000284e+01
2.950000000000000000e+02 1.868813559322033413e-01 5.512999999999998835e+01
2.940000000000000000e+02 1.326530612244898044e-01 3.900000000000000000e+01
2.920000000000000000e+02 6.602739726027397060e-02 1.928000000000000114e+01
2.920000000000000000e+02 3.252054794520547465e-01 9.495999999999999375e+01
2.910000000000000000e+02 2.838487972508590973e-02 8.259999999999999787e+00
2.910000000000000000e+02 6.845360824742267869e-02 1.991999999999999815e+01
2.920000000000000000e+02 4.086301369863013511e-01 1.193199999999999932e+02
2.930000000000000000e+02 7.961092150170648862e-01 2.332600000000000193e+02
2.930000000000000000e+02 7.710921501706484715e-01 2.259300000000000068e+02
2.940000000000000000e+02 7.401020408163266895e-01 2.175900000000000318e+02
2.950000000000000000e+02 6.718305084745762601e-01 1.981899999999999977e+02
2.950000000000000000e+02 4.058983050847457807e-01 1.197400000000000091e+02
2.940000000000000000e+02 4.345918367346938149e-01 1.277699999999999818e+02
2.930000000000000000e+02 4.635153583617747652e-01 1.358100000000000023e+02
2.940000000000000000e+02 7.062585034013605378e-01 2.076399999999999864e+02
2.950000000000000000e+02 9.829152542372880941e-01 2.899599999999999795e+02
2.950000000000000000e+02 4.096949152542372907e-01 1.208599999999999994e+02
2.950000000000000000e+02 6.507796610169491736e-01 1.919800000000000182e+02
2.940000000000000000e+02 7.360544217687075008e-01 2.164000000000000057e+02
2.930000000000000000e+02 5.840955631399317172e-01 1.711399999999999864e+02
2.930000000000000000e+02 4.108873720136518304e-01 1.203899999999999864e+02
2.940000000000000000e+02 3.965646258503401356e-01 1.165900000000000034e+02
2.950000000000000000e+02 6.400338983050847252e-01 1.888100000000000023e+02
2.950000000000000000e+02 3.998305084745762961e-01 1.179500000000000028e+02
2.950000000000000000e+02 3.056610169491525419e-01 9.017000000000000171e+01
2.950000000000000000e+02 3.215254237288135419e-01 9.484999999999999432e+01
2.950000000000000000e+02 5.292203389830508753e-01 1.561200000000000045e+02
2.910000000000000000e+02 3.370103092783505172e-01 9.806999999999999318e+01
2.910000000000000000e+02 3.740206185567009900e-01 1.088399999999999892e+02
2.940000000000000000e+02 3.765306122448979637e-02 1.107000000000000028e+01
2.900000000000000000e+02 9.006896551724137556e-02 2.611999999999999744e+01
2.910000000000000000e+02 7.477663230240548520e-02 2.175999999999999801e+01
2.900000000000000000e+02 5.273103448275862082e-01 1.529200000000000159e+02
2.890000000000000000e+02 5.597231833910034648e-01 1.617599999999999909e+02
2.930000000000000000e+02 4.807167235494880231e-01 1.408499999999999943e+02
2.950000000000000000e+02 7.603389830508475167e-02 2.242999999999999972e+01
2.950000000000000000e+02 1.318983050847457594e-01 3.890999999999999659e+01
2.930000000000000000e+02 1.266211604095563228e-02 3.710000000000000409e+00
2.910000000000000000e+02 4.872852233676976119e-02 1.418000000000000149e+01
2.920000000000000000e+02 1.425342465753424437e-01 4.161999999999999744e+01
2.910000000000000000e+02 2.489003436426117100e-01 7.243000000000000682e+01
2.930000000000000000e+02 3.934812286689419736e-01 1.152899999999999920e+02
2.940000000000000000e+02 1.663945578231292577e-01 4.892000000000000171e+01
2.920000000000000000e+02 6.383561643835616861e-02 1.864000000000000057e+01
2.920000000000000000e+02 0.000000000000000000e+00 0.000000000000000000e+00
2.910000000000000000e+02 2.058419243986254338e-02 5.990000000000000213e+00
2.880000000000000000e+02 6.891666666666667052e-01 1.984800000000000182e+02
2.910000000000000000e+02 5.943642611683848109e-01 1.729599999999999795e+02
2.940000000000000000e+02 2.458163265306122780e-01 7.227000000000001023e+01
2.930000000000000000e+02 5.261433447098976535e-01 1.541599999999999966e+02
2.930000000000000000e+02 7.287713310580203885e-01 2.135299999999999727e+02
2.950000000000000000e+02 1.155728813559321999e+00 3.409399999999999977e+02
2.950000000000000000e+02 3.441694915254237541e-01 1.015300000000000011e+02
2.950000000000000000e+02 6.183050847457626648e-02 1.823999999999999844e+01
2.930000000000000000e+02 2.616382252559726895e-01 7.665999999999999659e+01
2.930000000000000000e+02 2.234470989761092041e-01 6.546999999999999886e+01
2.930000000000000000e+02 2.655972696245733622e-01 7.781999999999999318e+01
2.910000000000000000e+02 2.025429553264604943e-01 5.894000000000000483e+01
2.900000000000000000e+02 2.023793103448275899e-01 5.868999999999999773e+01
2.920000000000000000e+02 1.402739726027397160e-01 4.096000000000000085e+01
2.910000000000000000e+02 1.058419243986254282e-01 3.080000000000000071e+01
2.910000000000000000e+02 1.142955326460481091e-01 3.325999999999999801e+01
2.900000000000000000e+02 5.906896551724138966e-02 1.713000000000000256e+01
2.910000000000000000e+02 4.408934707903780503e-02 1.283000000000000185e+01
2.900000000000000000e+02 1.049999999999999961e-01 3.044999999999999929e+01
2.910000000000000000e+02 2.074570446735395368e-01 6.037000000000000455e+01
2.930000000000000000e+02 1.309897610921501865e-01 3.838000000000000256e+01
2.940000000000000000e+02 3.791156462585033582e-01 1.114599999999999937e+02
2.950000000000000000e+02 7.556949152542372650e-01 2.229300000000000068e+02
