2.400000000000000000e+01 0.000000000000000000e+00 0.000000000000000000e+00
3.600000000000000000e+02 2.374972222222222040e+00 8.549900000000000091e+02
3.910000000000000000e+02 1.538516624040920933e+00 6.015600000000000591e+02
3.930000000000000000e+02 9.593638676844783442e-01 3.770299999999999727e+02
3.930000000000000000e+02 1.025674300254452831e+00 4.030899999999999750e+02
3.930000000000000000e+02 9.537404580152671896e-01 3.748199999999999932e+02
3.930000000000000000e+02 1.141704834605598018e+00 4.486899999999999977e+02
3.930000000000000000e+02 1.086972010178117065e+00 4.271800000000000068e+02
3.930000000000000000e+02 8.967430025445292108e-01 3.524199999999999591e+02
3.930000000000000000e+02 5.912722646310433205e-01 2.323700000000000045e+02
3.930000000000000000e+02 1.614249363867684417e-01 6.343999999999999773e+01
3.930000000000000000e+02 4.488549618320610002e-02 1.763999999999999702e+01
3.930000000000000000e+02 4.905597964376590125e-01 1.927899999999999920e+02
3.930000000000000000e+02 1.109974554707379157e+00 4.362200000000000273e+02
3.930000000000000000e+02 7.979389312977099857e-01 3.135900000000000318e+02
3.930000000000000000e+02 1.782951653944020443e-01 7.007000000000000739e+01
3.930000000000000000e+02 5.640203562340966315e-01 2.216599999999999966e+02
3.930000000000000000e+02 5.324173027989822504e-01 2.092400000000000091e+02
3.930000000000000000e+02 7.924936386768447472e-01 3.114499999999999886e+02
3.930000000000000000e+02 1.148371501272264616e+00 4.513100000000000023e+02
3.930000000000000000e+02 8.398727735368957115e-01 3.300699999999999932e+02
3.930000000000000000e+02 6.550890585241729847e-01 2.574499999999999886e+02
3.920000000000000000e+02 1.088035714285714217e+00 4.265099999999999909e+02
3.930000000000000000e+02 1.385012722646310257e+00 5.443099999999999454e+02
3.930000000000000000e+02 1.016793893129771087e+00 3.996000000000000227e+02
3.920000000000000000e+02 3.141836734693877475e-01 1.231599999999999966e+02
3.920000000000000000e+02 8.361734693877550528e-01 3.277799999999999727e+02
3.920000000000000000e+02 8.047704081632653939e-01 3.154700000000000273e+02
3.910000000000000000e+02 1.845780051150895107e-01 7.217000000000000171e+01
3.920000000000000000e+02 2.711479591836734593e-01 1.062899999999999920e+02
3.900000000000000000e+02 1.364102564102564197e-01 5.320000000000000284e+01
3.900000000000000000e+02 8.105128205128205032e-02 3.160999999999999943e+01
3.910000000000000000e+02 3.652173913043477854e-02 1.427999999999999936e+01
3.870000000000000000e+02 2.369250645994832039e-01 9.168999999999999773e+01
3.890000000000000000e+02 7.054755784061697010e-01 2.744300000000000068e+02
3.920000000000000000e+02 4.941326530612244472e-01 1.936999999999999886e+02
3.920000000000000000e+02 6.867602040816326303e-01 2.692099999999999795e+02
3.930000000000000000e+02 5.893893129770992889e-01 2.316300000000000239e+02
3.930000000000000000e+02 4.890839694656488046e-01 1.922099999999999795e+02
3.930000000000000000e+02 6.391857506361323105e-02 2.511999999999999744e+01
3.930000000000000000e+02 7.386768447837149809e-02 2.903000000000000114e+01
3.910000000000000000e+02 2.890025575447570105e-01 1.130000000000000000e+02
3.910000000000000000e+02 1.220716112531969461e-01 4.773000000000000398e+01
3.920000000000000000e+02 1.451275510204081687e-01 5.689000000000000057e+01
3.910000000000000000e+02 2.309974424552429795e-01 9.032000000000000739e+01
3.910000000000000000e+02 3.542199488491048487e-01 1.385000000000000000e+02
3.900000000000000000e+02 5.470512820512820618e-01 2.133500000000000227e+02
3.890000000000000000e+02 2.178406169665809688e-01 8.473999999999999488e+01
3.900000000000000000e+02 1.443333333333333413e-01 5.628999999999999915e+01
3.880000000000000000e+02 3.617783505154639201e-01 1.403700000000000045e+02
3.890000000000000000e+02 3.168894601542415757e-01 1.232699999999999818e+02
3.920000000000000000e+02 9.607142857142855763e-02 3.765999999999999659e+01
3.910000000000000000e+02 2.006649616368286759e-01 7.846000000000000796e+01
3.910000000000000000e+02 2.938107416879795486e-01 1.148799999999999955e+02
3.920000000000000000e+02 1.997448979591836746e-02 7.830000000000000071e+00
3.890000000000000000e+02 2.853470437017994674e-02 1.109999999999999964e+01
3.880000000000000000e+02 7.330927835051544994e-01 2.844399999999999409e+02
3.880000000000000000e+02 9.962113402061855139e-01 3.865299999999999727e+02
3.890000000000000000e+02 4.764010282776348637e-01 1.853199999999999648e+02
3.920000000000000000e+02 4.015306122448979997e-01 1.574000000000000057e+02
3.900000000000000000e+02 1.149743589743589811e-01 4.484000000000000341e+01
3.900000000000000000e+02 5.456410256410256648e-02 2.128000000000000114e+01
3.890000000000000000e+02 3.444730077120822798e-01 1.340000000000000000e+02
3.900000000000000000e+02 6.988461538461538947e-01 2.725500000000000114e+02
3.900000000000000000e+02 7.694871794871795956e-01 3.001000000000000227e+02
3.920000000000000000e+02 5.115561224489796333e-01 2.005300000000000296e+02
3.920000000000000000e+02 3.094132653061224536e-01 1.212899999999999920e+02
3.920000000000000000e+02 3.402806122448979731e-01 1.333900000000000148e+02
3.920000000000000000e+02 7.596173469387755839e-01 2.977700000000000387e+02
3.920000000000000000e+02 7.858928571428571708e-01 3.080699999999999932e+02
3.930000000000000000e+02 4.854452926208652208e-01 1.907800000000000296e+02
3.930000000000000000e+02 4.052926208651399520e-01 1.592800000000000011e+02
3.930000000000000000e+02 5.494402035623410230e-01 2.159300000000000068e+02
3.930000000000000000e+02 4.401781170483460848e-01 1.729900000000000091e+02
3.930000000000000000e+02 1.016284987277353696e-01 3.993999999999999773e+01
3.930000000000000000e+02 1.195928753180661684e-02 4.700000000000000178e+00
3.890000000000000000e+02 4.106426735218509094e-01 1.597400000000000091e+02
3.890000000000000000e+02 1.712082262210796735e-01 6.659999999999999432e+01
3.920000000000000000e+02 4.589285714285713802e-02 1.798999999999999844e+01
3.890000000000000000e+02 4.631105398457583955e-01 1.801500000000000057e+02
3.880000000000000000e+02 2.568298969072164706e-01 9.964999999999999147e+01
3.930000000000000000e+02 4.108905852417302773e-01 1.614799999999999898e+02
3.930000000000000000e+02 1.889567430025445027e-01 7.425999999999999091e+01
3.920000000000000000e+02 1.670663265306122636e-01 6.549000000000000909e+01
3.910000000000000000e+02 1.290281329923273768e-01 5.045000000000000284e+01
3.910000000000000000e+02 6.214833759590791817e-02 2.429999999999999716e+01
3.910000000000000000e+02 1.755498721227621850e-01 6.864000000000001478e+01
3.910000000000000000e+02 4.978772378516624353e-01 1.946700000000000159e+02
3.930000000000000000e+02 2.960050890585241845e-01 1.163300000000000125e+02
3.930000000000000000e+02 3.305089058524172674e-01 1.298899999999999864e+02
3.920000000000000000e+02 1.551785714285714157e-01 6.082999999999999829e+01
3.910000000000000000e+02 3.539641943734015556e-02 1.383999999999999986e+01
3.920000000000000000e+02 1.189540816326530720e-01 4.663000000000000256e+01
3.900000000000000000e+02 2.961282051282050909e-01 1.154899999999999807e+02
3.900000000000000000e+02 3.375897435897435850e-01 1.316599999999999966e+02
3.920000000000000000e+02 1.911989795918367097e-01 7.494999999999998863e+01
3.900000000000000000e+02 8.899743589743589478e-01 3.470899999999999750e+02
3.910000000000000000e+02 7.235038363171355513e-01 2.828899999999999864e+02
3.930000000000000000e+02 3.067175572519083571e-01 1.205399999999999778e+02
3.930000000000000000e+02 4.279898218829516349e-02 1.682000000000000028e+01
