8.000000000000000000e+00 0.000000000000000000e+00 0.000000000000000000e+00
1.000000000000000000e+01 7.618999999999999773e+00 7.618999999999999773e+01
1.000000000000000000e+01 1.017900000000000027e+01 1.017900000000000063e+02
1.000000000000000000e+01 6.522000000000000242e+00 6.521999999999999886e+01
1.000000000000000000e+01 1.018699999999999939e+01 1.018699999999999903e+02
1.000000000000000000e+01 1.246099999999999852e+01 1.246099999999999852e+02
1.000000000000000000e+01 4.660999999999999588e+00 4.660999999999999943e+01
1.000000000000000000e+01 6.301000000000000156e+00 6.301000000000000512e+01
1.000000000000000000e+01 7.331000000000000405e+00 7.331000000000000227e+01
1.000000000000000000e+01 8.014999999999998792e+00 8.014999999999999147e+01
1.000000000000000000e+01 6.785999999999999588e+00 6.785999999999999943e+01
1.000000000000000000e+01 4.435999999999999943e+00 4.435999999999999943e+01
1.000000000000000000e+01 5.653999999999999915e+00 5.653999999999999915e+01
1.000000000000000000e+01 6.815000000000000391e+00 6.815000000000000568e+01
1.000000000000000000e+01 7.270999999999999019e+00 7.270999999999999375e+01
1.000000000000000000e+01 8.035000000000000142e+00 8.035000000000000853e+01
1.000000000000000000e+01 6.056000000000000050e+00 6.056000000000000227e+01
1.000000000000000000e+01 3.810999999999999943e+00 3.810999999999999943e+01
1.000000000000000000e+01 1.022600000000000087e+01 1.022600000000000051e+02
1.000000000000000000e+01 8.862000000000000099e+00 8.862000000000000455e+01
1.000000000000000000e+01 7.442000000000000171e+00 7.442000000000000171e+01
1.000000000000000000e+01 6.787999999999999368e+00 6.787999999999999545e+01
1.000000000000000000e+01 7.598999999999999311e+00 7.598999999999999488e+01
1.000000000000000000e+01 3.607000000000000206e+00 3.607000000000000028e+01
1.000000000000000000e+01 8.859999999999999432e+00 8.859999999999999432e+01
1.000000000000000000e+01 8.373999999999998778e+00 8.373999999999999488e+01
1.000000000000000000e+01 3.588999999999999968e+00 3.589000000000000057e+01
1.000000000000000000e+01 6.049000000000000377e+00 6.049000000000000199e+01
1.000000000000000000e+01 4.685000000000000497e+00 4.685000000000000142e+01
1.000000000000000000e+01 5.810000000000000497e+00 5.810000000000000142e+01
1.000000000000000000e+01 7.726999999999999424e+00 7.726999999999999602e+01
1.000000000000000000e+01 3.916000000000000369e+00 3.916000000000000369e+01
1.000000000000000000e+01 6.508000000000000007e+00 6.507999999999999829e+01
1.000000000000000000e+01 1.090099999999999980e+01 1.090100000000000051e+02
1.000000000000000000e+01 7.766000000000000902e+00 7.766000000000001080e+01
1.000000000000000000e+01 6.509999999999999787e+00 6.509999999999999432e+01
1.000000000000000000e+01 9.227999999999999758e+00 9.228000000000000114e+01
1.000000000000000000e+01 8.657000000000000028e+00 8.656999999999999318e+01
1.000000000000000000e+01 6.217999999999999972e+00 6.217999999999999972e+01
1.000000000000000000e+01 8.206999999999998963e+00 8.206999999999999318e+01
1.000000000000000000e+01 6.648000000000000576e+00 6.648000000000000398e+01
1.000000000000000000e+01 6.477999999999999758e+00 6.478000000000000114e+01
1.000000000000000000e+01 8.428000000000000824e+00 8.428000000000000114e+01
1.000000000000000000e+01 4.624000000000000554e+00 4.624000000000000199e+01
1.000000000000000000e+01 7.427000000000001378e+00 7.427000000000001023e+01
1.000000000000000000e+01 9.528999999999999915e+00 9.528999999999999204e+01
1.000000000000000000e+01 8.221000000000000085e+00 8.220999999999999375e+01
1.000000000000000000e+01 4.647000000000000242e+00 4.646999999999999886e+01
1.000000000000000000e+01 7.507000000000000561e+00 7.507000000000000739e+01
1.000000000000000000e+01 4.910999999999999588e+00 4.910999999999999943e+01
1.000000000000000000e+01 7.421999999999999709e+00 7.421999999999999886e+01
1.000000000000000000e+01 6.371000000000000441e+00 6.371000000000000085e+01
1.000000000000000000e+01 6.326000000000000512e+00 6.326000000000000512e+01
1.000000000000000000e+01 5.491999999999999993e+00 5.492000000000000171e+01
1.000000000000000000e+01 5.281000000000000583e+00 5.281000000000000227e+01
1.000000000000000000e+01 7.791999999999999815e+00 7.792000000000000171e+01
1.000000000000000000e+01 5.262000000000000455e+00 5.262000000000000455e+01
1.000000000000000000e+01 3.403999999999999915e+00 3.403999999999999915e+01
1.000000000000000000e+01 6.740000000000000213e+00 6.740000000000000568e+01
1.000000000000000000e+01 8.293000000000001037e+00 8.293000000000000682e+01
1.000000000000000000e+01 4.645999999999999908e+00 4.646000000000000085e+01
1.000000000000000000e+01 8.471999999999999531e+00 8.471999999999999886e+01
1.000000000000000000e+01 6.849999999999999645e+00 6.850000000000000000e+01
1.000000000000000000e+01 2.921999999999999709e+00 2.921999999999999886e+01
1.000000000000000000e+01 6.403000000000000469e+00 6.403000000000000114e+01
1.000000000000000000e+01 4.730000000000000426e+00 4.730000000000000426e+01
1.000000000000000000e+01 2.460999999999999854e+00 2.460999999999999943e+01
1.000000000000000000e+01 4.656000000000000583e+00 4.656000000000000227e+01
1.000000000000000000e+01 2.033999999999999808e+00 2.033999999999999986e+01
1.000000000000000000e+01 2.440999999999999837e+00 2.441000000000000014e+01
1.000000000000000000e+01 4.037999999999999368e+00 4.037999999999999545e+01
1.000000000000000000e+01 3.950000000000000178e+00 3.950000000000000000e+01
1.000000000000000000e+01 1.167999999999999927e+00 1.167999999999999972e+01
1.000000000000000000e+01 9.660000000000000142e+00 9.659999999999999432e+01
1.000000000000000000e+01 3.914000000000000146e+00 3.914000000000000057e+01
1.000000000000000000e+01 3.792000000000000259e+00 3.792000000000000171e+01
1.000000000000000000e+01 7.580000000000000071e+00 7.579999999999999716e+01
1.000000000000000000e+01 5.921999999999999709e+00 5.921999999999999886e+01
1.000000000000000000e+01 1.635999999999999899e+00 1.635999999999999943e+01
1.000000000000000000e+01 5.155000000000000249e+00 5.155000000000000426e+01
1.000000000000000000e+01 6.458000000000000185e+00 6.457999999999999829e+01
1.000000000000000000e+01 4.864999999999999325e+00 4.864999999999999147e+01
1.000000000000000000e+01 9.977999999999997982e+00 9.977999999999998693e+01
1.000000000000000000e+01 5.698000000000000398e+00 5.698000000000000398e+01
1.000000000000000000e+01 7.012000000000000455e+00 7.012000000000000455e+01
1.000000000000000000e+01 1.002200000000000024e+01 1.002199999999999989e+02
1.000000000000000000e+01 5.087000000000000632e+00 5.087000000000000455e+01
1.000000000000000000e+01 5.147000000000000242e+00 5.146999999999999886e+01
1.000000000000000000e+01 5.522000000000000242e+00 5.521999999999999886e+01
1.000000000000000000e+01 7.221000000000000973e+00 7.221000000000000796e+01
1.000000000000000000e+01 4.862000000000000099e+00 4.861999999999999744e+01
1.000000000000000000e+01 4.516000000000000014e+00 4.516000000000000369e+01
1.000000000000000000e+01 3.660000000000000142e+00 3.660000000000000142e+01
1.000000000000000000e+01 3.228000000000000203e+00 3.228000000000000114e+01
1.000000000000000000e+01 2.887000000000000011e+00 2.887000000000000099e+01
1.000000000000000000e+01 1.918999999999999817e+00 1.918999999999999773e+01
1.000000000000000000e+01 2.596999999999999975e+00 2.596999999999999886e+01
1.000000000000000000e+01 3.399999999999999911e+00 3.400000000000000000e+01
1.000000000000000000e+01 3.836999999999999744e+00 3.836999999999999744e+01
1.000000000000000000e+01 6.406999999999999140e+00 6.406999999999999318e+01
