2.400000000000000000e+01 0.000000000000000000e+00 0.000000000000000000e+00
1.950000000000000000e+02 6.007128205128204890e+00 1.171389999999999873e+03
1.950000000000000000e+02 3.181384615384615255e+00 6.203700000000000045e+02
1.950000000000000000e+02 3.872717948717948389e+00 7.551799999999999500e+02
1.950000000000000000e+02 5.024358974358974272e+00 9.797500000000000000e+02
1.950000000000000000e+02 3.529435897435897473e+00 6.882400000000000091e+02
1.950000000000000000e+02 3.283333333333333215e+00 6.402500000000000000e+02
1.950000000000000000e+02 1.731999999999999984e+00 3.377400000000000091e+02
1.950000000000000000e+02 3.103794871794871124e+00 6.052399999999998954e+02
1.940000000000000000e+02 2.134123711340206064e+00 4.140199999999999818e+02
1.950000000000000000e+02 2.000871794871794673e+00 3.901699999999999591e+02
1.950000000000000000e+02 2.267589743589744078e+00 4.421800000000000637e+02
1.950000000000000000e+02 1.099128205128205193e+00 2.143300000000000125e+02
1.950000000000000000e+02 1.729435897435897429e+00 3.372400000000000091e+02
1.950000000000000000e+02 7.952307692307691855e-01 1.550699999999999932e+02
1.950000000000000000e+02 6.565641025641025808e-01 1.280300000000000011e+02
1.950000000000000000e+02 1.417230769230769294e+00 2.763600000000000136e+02
1.950000000000000000e+02 1.032051282051282159e+00 2.012500000000000000e+02
1.950000000000000000e+02 8.445641025641025257e-01 1.646899999999999977e+02
1.950000000000000000e+02 7.587179487179486204e-01 1.479499999999999886e+02
1.950000000000000000e+02 9.952820512820511611e-01 1.940799999999999841e+02
1.950000000000000000e+02 1.477948717948717849e+00 2.881999999999999886e+02
1.950000000000000000e+02 5.706666666666666554e-01 1.112800000000000011e+02
1.950000000000000000e+02 4.217948717948717952e-01 8.225000000000000000e+01
1.950000000000000000e+02 4.404615384615384599e-01 8.589000000000000057e+01
1.950000000000000000e+02 3.512307692307692908e-01 6.849000000000000909e+01
1.950000000000000000e+02 5.351794871794872677e-01 1.043600000000000136e+02
1.950000000000000000e+02 2.870769230769230629e-01 5.597999999999999687e+01
1.950000000000000000e+02 4.647179487179487478e-01 9.062000000000000455e+01
1.930000000000000000e+02 2.009844559585492185e-01 3.878999999999999915e+01
1.920000000000000000e+02 1.634374999999999856e-01 3.137999999999999545e+01
1.940000000000000000e+02 1.819587628865979301e-01 3.529999999999999716e+01
1.950000000000000000e+02 3.898461538461538978e-01 7.602000000000001023e+01
1.950000000000000000e+02 3.258461538461538964e-01 6.354000000000000625e+01
1.950000000000000000e+02 1.813333333333333186e-01 3.535999999999999943e+01
1.940000000000000000e+02 3.615463917525773008e-01 7.014000000000000057e+01
1.940000000000000000e+02 5.891752577319587375e-02 1.142999999999999972e+01
1.950000000000000000e+02 5.973333333333333828e-01 1.164800000000000040e+02
1.950000000000000000e+02 1.800461538461538558e+00 3.510900000000000318e+02
1.950000000000000000e+02 1.173641025641025459e+00 2.288599999999999852e+02
1.950000000000000000e+02 2.896410256410256734e-01 5.648000000000000398e+01
1.940000000000000000e+02 1.774742268041236970e-01 3.442999999999999972e+01
1.940000000000000000e+02 3.542268041237113252e-01 6.871999999999999886e+01
1.950000000000000000e+02 4.733333333333333282e-01 9.229999999999999716e+01
1.950000000000000000e+02 5.965128205128205074e-01 1.163200000000000074e+02
1.950000000000000000e+02 3.979487179487179449e-01 7.759999999999999432e+01
1.950000000000000000e+02 4.203076923076923266e-01 8.196000000000000796e+01
1.950000000000000000e+02 3.617435897435897774e-01 7.054000000000000625e+01
1.950000000000000000e+02 2.439487179487179191e-01 4.756999999999999318e+01
1.950000000000000000e+02 2.161538461538461964e-01 4.215000000000000568e+01
1.930000000000000000e+02 8.728497409326425593e-01 1.684600000000000080e+02
1.920000000000000000e+02 5.128645833333332904e-01 9.846999999999999886e+01
1.940000000000000000e+02 4.544329896907216559e-01 8.815999999999999659e+01
1.950000000000000000e+02 9.684615384615385958e-01 1.888500000000000227e+02
1.950000000000000000e+02 1.994307692307692337e+00 3.888899999999999864e+02
1.950000000000000000e+02 1.020564102564102571e+00 1.990099999999999909e+02
1.950000000000000000e+02 8.350256410256409190e-01 1.628299999999999841e+02
1.950000000000000000e+02 6.328205128205126595e-01 1.233999999999999773e+02
1.950000000000000000e+02 4.491282051282051158e-01 8.757999999999999829e+01
1.950000000000000000e+02 1.308358974358974303e+00 2.551299999999999955e+02
1.950000000000000000e+02 4.038974358974358747e-01 7.875999999999999091e+01
1.950000000000000000e+02 4.185128205128205159e-01 8.160999999999999943e+01
1.910000000000000000e+02 1.402670157068062640e+00 2.679099999999999682e+02
1.920000000000000000e+02 6.570312500000000666e-01 1.261500000000000057e+02
1.920000000000000000e+02 5.152083333333333792e-01 9.892000000000000171e+01
1.940000000000000000e+02 3.451030927835050943e-01 6.694999999999998863e+01
1.920000000000000000e+02 3.133854166666666941e-01 6.017000000000000171e+01
1.910000000000000000e+02 1.319895287958115226e-01 2.521000000000000085e+01
1.920000000000000000e+02 1.437500000000000167e-01 2.760000000000000142e+01
1.910000000000000000e+02 1.216753926701570759e-01 2.324000000000000199e+01
1.920000000000000000e+02 1.563541666666666552e-01 3.001999999999999602e+01
1.950000000000000000e+02 4.595384615384615623e-01 8.960999999999999943e+01
1.950000000000000000e+02 2.702051282051282088e-01 5.269000000000000483e+01
1.920000000000000000e+02 1.652604166666666596e-01 3.173000000000000043e+01
1.910000000000000000e+02 1.355497382198952994e-01 2.589000000000000057e+01
1.930000000000000000e+02 4.559585492227979410e-03 8.800000000000000044e-01
1.910000000000000000e+02 2.545026178010471041e-01 4.860999999999999943e+01
1.910000000000000000e+02 3.985863874345550451e-01 7.613000000000000966e+01
1.940000000000000000e+02 1.094381443298968914e+00 2.123099999999999739e+02
1.940000000000000000e+02 8.653608247422680533e-01 1.678799999999999955e+02
1.950000000000000000e+02 3.166153846153846319e-01 6.174000000000000199e+01
1.950000000000000000e+02 3.510256410256409887e-01 6.844999999999998863e+01
1.930000000000000000e+02 2.703108808290155540e-01 5.217000000000000171e+01
1.940000000000000000e+02 2.632989690721649345e-01 5.107999999999999829e+01
1.950000000000000000e+02 7.537948717948718125e-01 1.469900000000000091e+02
1.950000000000000000e+02 6.028717948717948749e-01 1.175600000000000023e+02
1.950000000000000000e+02 2.533846153846153748e-01 4.940999999999999659e+01
1.950000000000000000e+02 3.747692307692307434e-01 7.307999999999999829e+01
1.930000000000000000e+02 5.349222797927460915e-01 1.032399999999999949e+02
1.930000000000000000e+02 3.623834196891191350e-01 6.993999999999999773e+01
1.950000000000000000e+02 1.641794871794871602e+00 3.201499999999999773e+02
1.950000000000000000e+02 2.320615384615384524e+00 4.525199999999999818e+02
1.950000000000000000e+02 1.027538461538461512e+00 2.003700000000000045e+02
1.950000000000000000e+02 1.131282051282051171e+00 2.205999999999999943e+02
1.940000000000000000e+02 6.839175257731958668e-01 1.326800000000000068e+02
1.950000000000000000e+02 1.255435897435897452e+00 2.448100000000000023e+02
1.950000000000000000e+02 2.497846153846154049e+00 4.870800000000000409e+02
1.950000000000000000e+02 5.959487179487178432e-01 1.162099999999999795e+02
1.950000000000000000e+02 1.553897435897435786e+00 3.030099999999999909e+02
1.940000000000000000e+02 2.304123711340206326e-01 4.470000000000000284e+01
