2.400000000000000000e+01 0.000000000000000000e+00 0.000000000000000000e+00
1.950000000000000000e+02 5.783025641025640873e+00 1.127690000000000055e+03
1.950000000000000000e+02 4.951230769230769546e+00 9.654900000000000091e+02
1.950000000000000000e+02 4.474410256410256359e+00 8.725099999999999909e+02
1.950000000000000000e+02 3.575025641025641576e+00 6.971300000000001091e+02
1.950000000000000000e+02 3.140051282051281589e+00 6.123099999999999454e+02
1.950000000000000000e+02 1.581948717948717942e+00 3.084800000000000182e+02
1.950000000000000000e+02 3.186461538461538900e+00 6.213600000000001273e+02
1.950000000000000000e+02 2.803435897435897051e+00 5.466699999999999591e+02
1.950000000000000000e+02 2.193230769230769095e+00 4.276800000000000068e+02
1.950000000000000000e+02 1.501948717948717871e+00 2.928799999999999955e+02
1.950000000000000000e+02 2.142974358974358839e+00 4.178799999999999386e+02
1.950000000000000000e+02 1.508051282051281916e+00 2.940699999999999932e+02
1.950000000000000000e+02 8.005641025641024866e-01 1.561099999999999852e+02
1.950000000000000000e+02 1.740256410256409980e+00 3.393499999999999659e+02
1.950000000000000000e+02 6.216923076923077662e-01 1.212300000000000040e+02
1.950000000000000000e+02 4.861025641025641941e-01 9.479000000000002046e+01
1.950000000000000000e+02 8.024102564102562063e-01 1.564699999999999704e+02
1.950000000000000000e+02 4.137948717948717881e-01 8.068999999999999773e+01
1.950000000000000000e+02 1.171641025641025680e+00 2.284699999999999989e+02
1.950000000000000000e+02 2.403589743589743810e-01 4.687000000000000455e+01
1.950000000000000000e+02 1.482512820512820628e+00 2.890900000000000318e+02
1.950000000000000000e+02 1.052461538461538559e+00 2.052300000000000182e+02
1.950000000000000000e+02 6.620000000000000329e-01 1.290900000000000034e+02
1.950000000000000000e+02 5.699487179487179311e-01 1.111399999999999864e+02
1.950000000000000000e+02 9.676410256410256094e-01 1.886899999999999977e+02
1.950000000000000000e+02 1.651794871794872166e-01 3.221000000000000796e+01
1.950000000000000000e+02 3.411282051282051309e-01 6.651999999999999602e+01
1.950000000000000000e+02 5.608205128205127066e-01 1.093599999999999852e+02
1.940000000000000000e+02 3.941237113402062398e-01 7.646000000000000796e+01
1.930000000000000000e+02 3.293782383419688875e-01 6.357000000000000028e+01
1.920000000000000000e+02 3.138541666666666563e-01 6.025999999999999801e+01
1.920000000000000000e+02 1.313020833333333470e-01 2.521000000000000085e+01
1.920000000000000000e+02 1.642708333333333381e-01 3.153999999999999915e+01
1.940000000000000000e+02 4.361340206185566060e-01 8.460999999999998522e+01
1.940000000000000000e+02 1.938659793814432875e-01 3.760999999999999943e+01
1.950000000000000000e+02 2.371794871794871695e-01 4.625000000000000000e+01
1.930000000000000000e+02 3.145595854922280110e-01 6.071000000000000796e+01
1.940000000000000000e+02 2.948969072164948635e-01 5.721000000000000085e+01
1.940000000000000000e+02 1.997938144329897137e-01 3.876000000000000512e+01
1.940000000000000000e+02 8.917010309278349256e-01 1.729899999999999807e+02
1.940000000000000000e+02 2.222680412371134118e+00 4.312000000000000455e+02
1.940000000000000000e+02 9.173711340206185394e-01 1.779699999999999989e+02
1.950000000000000000e+02 5.735897435897435725e-01 1.118499999999999943e+02
1.950000000000000000e+02 7.043589743589743213e-01 1.373499999999999943e+02
1.930000000000000000e+02 6.127979274611399241e-01 1.182700000000000102e+02
1.930000000000000000e+02 7.354922279792746043e-01 1.419499999999999886e+02
1.950000000000000000e+02 1.754358974358974366e-01 3.421000000000000085e+01
1.930000000000000000e+02 9.027979274611399596e-01 1.742400000000000091e+02
1.930000000000000000e+02 3.447668393782383212e-01 6.653999999999999204e+01
1.950000000000000000e+02 3.578461538461538693e-01 6.978000000000000114e+01
1.950000000000000000e+02 5.111794871794872464e-01 9.968000000000000682e+01
1.950000000000000000e+02 1.498974358974358989e-01 2.923000000000000043e+01
1.950000000000000000e+02 1.693846153846153835e-01 3.303000000000000114e+01
1.940000000000000000e+02 5.418556701030927680e-01 1.051200000000000045e+02
1.940000000000000000e+02 5.175257731958763374e-01 1.004000000000000057e+02
1.950000000000000000e+02 9.065641025641025808e-01 1.767800000000000011e+02
1.940000000000000000e+02 9.593814432989691277e-01 1.861200000000000045e+02
1.950000000000000000e+02 8.146153846153847411e-01 1.588500000000000227e+02
1.950000000000000000e+02 4.707179487179486976e-01 9.178999999999999204e+01
1.950000000000000000e+02 3.754871794871794677e-01 7.321999999999999886e+01
1.950000000000000000e+02 6.930769230769229239e-01 1.351499999999999773e+02
1.950000000000000000e+02 5.452307692307691855e-01 1.063199999999999932e+02
1.950000000000000000e+02 2.550769230769230345e-01 4.973999999999999488e+01
1.950000000000000000e+02 3.131282051282051615e-01 6.106000000000000227e+01
1.950000000000000000e+02 8.255384615384616653e-01 1.609800000000000182e+02
1.950000000000000000e+02 4.185128205128205159e-01 8.160999999999999943e+01
1.930000000000000000e+02 1.740932642487046655e-01 3.360000000000000142e+01
1.910000000000000000e+02 1.716963350785340348e+00 3.279399999999999977e+02
1.940000000000000000e+02 7.911855670103091764e-01 1.534899999999999807e+02
1.950000000000000000e+02 4.023589743589743861e-01 7.846000000000000796e+01
1.930000000000000000e+02 7.936787564766839553e-01 1.531800000000000068e+02
1.930000000000000000e+02 7.200518134715027108e-01 1.389700000000000273e+02
1.930000000000000000e+02 1.069844559585492183e+00 2.064799999999999898e+02
1.930000000000000000e+02 9.432642487046632995e-01 1.820500000000000114e+02
1.950000000000000000e+02 9.146666666666666279e-01 1.783599999999999852e+02
1.940000000000000000e+02 4.381443298969072142e-01 8.500000000000000000e+01
1.920000000000000000e+02 4.108854166666666696e-01 7.889000000000000057e+01
1.920000000000000000e+02 3.788020833333333726e-01 7.273000000000000398e+01
1.940000000000000000e+02 3.655670103092783507e-01 7.092000000000000171e+01
1.950000000000000000e+02 6.933333333333333015e-02 1.351999999999999957e+01
1.950000000000000000e+02 3.413333333333333219e-01 6.656000000000000227e+01
1.930000000000000000e+02 3.901036269430051551e-01 7.528999999999999204e+01
1.930000000000000000e+02 7.097409326424869436e-01 1.369799999999999898e+02
1.950000000000000000e+02 4.600512820512820955e-01 8.971000000000000796e+01
1.950000000000000000e+02 1.624615384615384628e-01 3.167999999999999972e+01
1.950000000000000000e+02 2.897435897435897759e-02 5.650000000000000355e+00
1.950000000000000000e+02 8.461538461538462008e-02 1.650000000000000000e+01
1.930000000000000000e+02 1.474093264248704793e-01 2.845000000000000284e+01
1.930000000000000000e+02 1.357875647668393748e+00 2.620699999999999932e+02
1.940000000000000000e+02 9.167010309278350588e-01 1.778400000000000034e+02
1.940000000000000000e+02 2.749484536082473785e-01 5.333999999999999631e+01
1.950000000000000000e+02 1.235384615384615692e-01 2.409000000000000696e+01
1.950000000000000000e+02 1.591282051282051357e-01 3.103000000000000114e+01
1.930000000000000000e+02 2.913989637305699487e-01 5.624000000000000199e+01
1.950000000000000000e+02 1.079948717948717940e+00 2.105900000000000034e+02
1.940000000000000000e+02 1.642422680412371161e+00 3.186299999999999955e+02
1.950000000000000000e+02 6.429230769230769305e-01 1.253700000000000045e+02
1.950000000000000000e+02 8.471794871794871007e-01 1.651999999999999886e+02
1.950000000000000000e+02 1.034307692307692372e+00 2.016899999999999977e+02
