2.400000000000000000e+01 0.000000000000000000e+00 0.000000000000000000e+00
3.550000000000000000e+02 4.030028169014085115e+00 1.430660000000000082e+03
3.840000000000000000e+02 3.943828125000000018e+00 1.514430000000000064e+03
3.900000000000000000e+02 1.708666666666667000e+00 6.663800000000001091e+02
3.900000000000000000e+02 2.161589743589743762e+00 8.430199999999999818e+02
3.900000000000000000e+02 1.365923076923076795e+00 5.327099999999999227e+02
3.910000000000000000e+02 8.614578005115088866e-01 3.368299999999999841e+02
3.910000000000000000e+02 1.737212276214833651e+00 6.792500000000000000e+02
3.910000000000000000e+02 1.181764705882353050e+00 4.620700000000000500e+02
3.910000000000000000e+02 1.054808184143222416e+00 4.124300000000000068e+02
3.910000000000000000e+02 4.930690537084399527e-01 1.927900000000000205e+02
3.930000000000000000e+02 1.708167938931297813e+00 6.713100000000000591e+02
3.930000000000000000e+02 5.547837150127226113e-01 2.180300000000000011e+02
3.930000000000000000e+02 7.055979643765902809e-02 2.773000000000000043e+01
3.900000000000000000e+02 2.029230769230769282e-01 7.914000000000000057e+01
3.900000000000000000e+02 7.996410256410255712e-01 3.118599999999999568e+02
3.930000000000000000e+02 1.546946564885496311e+00 6.079500000000000455e+02
3.930000000000000000e+02 9.838422391857505334e-01 3.866499999999999773e+02
3.930000000000000000e+02 1.127557251908396951e+00 4.431299999999999955e+02
3.930000000000000000e+02 3.509669211195928784e-01 1.379300000000000068e+02
3.920000000000000000e+02 2.511734693877550884e-01 9.845999999999999375e+01
3.910000000000000000e+02 1.729667519181585789e-01 6.763000000000000966e+01
3.910000000000000000e+02 4.767263427109974527e-02 1.864000000000000057e+01
3.890000000000000000e+02 7.712853470437018855e-01 3.000300000000000296e+02
3.880000000000000000e+02 3.848711340206185105e-01 1.493299999999999841e+02
3.900000000000000000e+02 1.453589743589743521e-01 5.668999999999999773e+01
3.930000000000000000e+02 2.994402035623409675e-01 1.176799999999999926e+02
3.910000000000000000e+02 3.371099744245524277e-01 1.318100000000000023e+02
3.930000000000000000e+02 4.243765903307887832e-01 1.667800000000000011e+02
3.920000000000000000e+02 1.559438775510204045e-01 6.112999999999999545e+01
3.910000000000000000e+02 2.434782608695652134e-02 9.519999999999999574e+00
3.890000000000000000e+02 1.017994858611825093e-01 3.959999999999999432e+01
3.900000000000000000e+02 8.164102564102565518e-02 3.184000000000000341e+01
3.920000000000000000e+02 0.000000000000000000e+00 0.000000000000000000e+00
3.890000000000000000e+02 2.360668380462724869e-01 9.182999999999999829e+01
3.880000000000000000e+02 6.071134020618556004e-01 2.355599999999999739e+02
3.870000000000000000e+02 1.511111111111110850e-01 5.847999999999998977e+01
3.880000000000000000e+02 7.301546391752576637e-02 2.832999999999999474e+01
3.880000000000000000e+02 2.474484536082474095e-01 9.600999999999999091e+01
3.900000000000000000e+02 2.431282051282051548e-01 9.482000000000000739e+01
3.890000000000000000e+02 4.982005141388174546e-02 1.937999999999999901e+01
3.880000000000000000e+02 1.030927835051546443e-04 4.000000000000000083e-02
3.880000000000000000e+02 5.438144329896907325e-02 2.110000000000000142e+01
3.850000000000000000e+02 1.129090909090909034e-01 4.346999999999999886e+01
3.860000000000000000e+02 1.902072538860103690e-01 7.342000000000000171e+01
3.870000000000000000e+02 3.114211886304910082e-01 1.205200000000000102e+02
3.880000000000000000e+02 6.444587628865978690e-01 2.500499999999999829e+02
3.910000000000000000e+02 1.351918158567775030e-01 5.285999999999999943e+01
3.900000000000000000e+02 2.445128205128204724e-01 9.535999999999998522e+01
3.860000000000000000e+02 2.475129533678756266e-01 9.553999999999999204e+01
3.900000000000000000e+02 3.045641025641025457e-01 1.187799999999999869e+02
3.920000000000000000e+02 1.786734693877550795e-01 7.003999999999999204e+01
3.900000000000000000e+02 3.005641025641025421e-01 1.172199999999999989e+02
3.900000000000000000e+02 3.474615384615384883e-01 1.355100000000000193e+02
3.920000000000000000e+02 8.479591836734694521e-01 3.324000000000000341e+02
3.900000000000000000e+02 2.044358974358974346e-01 7.973000000000000398e+01
3.900000000000000000e+02 8.048717948717948323e-02 3.138999999999999702e+01
3.880000000000000000e+02 3.443298969072165067e-02 1.335999999999999943e+01
3.860000000000000000e+02 1.108808290155440385e-01 4.279999999999999716e+01
3.880000000000000000e+02 3.288144329896907081e-01 1.275799999999999841e+02
3.890000000000000000e+02 2.235732647814910046e-01 8.696999999999999886e+01
3.870000000000000000e+02 3.427131782945736505e-01 1.326299999999999955e+02
3.900000000000000000e+02 6.086666666666666892e-01 2.373799999999999955e+02
3.880000000000000000e+02 4.507216494845360799e-01 1.748799999999999955e+02
3.890000000000000000e+02 1.893316195372750921e-01 7.365000000000000568e+01
3.900000000000000000e+02 4.456666666666666554e-01 1.738100000000000023e+02
3.920000000000000000e+02 5.065816326530612201e-01 1.985799999999999841e+02
3.910000000000000000e+02 8.565217391304345840e-02 3.348999999999999488e+01
3.890000000000000000e+02 2.696915167095115806e-01 1.049099999999999966e+02
3.910000000000000000e+02 2.580562659846547535e-01 1.009000000000000057e+02
3.920000000000000000e+02 4.165816326530611541e-02 1.632999999999999829e+01
3.920000000000000000e+02 0.000000000000000000e+00 0.000000000000000000e+00
3.890000000000000000e+02 1.856041131105398145e-01 7.219999999999998863e+01
3.910000000000000000e+02 3.180818414322250653e-01 1.243699999999999903e+02
3.900000000000000000e+02 3.012307692307692464e-01 1.174800000000000040e+02
3.930000000000000000e+02 8.465648854961831393e-01 3.326999999999999886e+02
3.920000000000000000e+02 3.960459183673469274e-01 1.552500000000000000e+02
3.910000000000000000e+02 5.936061381074168863e-02 2.321000000000000085e+01
3.910000000000000000e+02 8.695652173913043584e-03 3.400000000000000355e+00
3.900000000000000000e+02 6.946153846153846345e-02 2.708999999999999986e+01
3.880000000000000000e+02 1.174484536082474051e-01 4.556999999999999318e+01
3.900000000000000000e+02 3.109999999999999987e-01 1.212900000000000063e+02
3.920000000000000000e+02 2.992091836734693810e-01 1.172899999999999920e+02
3.910000000000000000e+02 1.233503836317135643e-01 4.823000000000000398e+01
3.910000000000000000e+02 1.496930946291560038e-01 5.853000000000000114e+01
3.900000000000000000e+02 1.763076923076922764e-01 6.875999999999999091e+01
3.840000000000000000e+02 1.592708333333333337e-01 6.115999999999999659e+01
3.860000000000000000e+02 2.370984455958549120e-01 9.151999999999999602e+01
3.840000000000000000e+02 1.311979166666666641e-01 5.037999999999999545e+01
3.830000000000000000e+02 1.852219321148824982e-01 7.093999999999999773e+01
3.900000000000000000e+02 3.266666666666666607e-01 1.274000000000000057e+02
3.910000000000000000e+02 2.913554987212276237e-01 1.139200000000000017e+02
3.930000000000000000e+02 4.318066157760813706e-02 1.696999999999999886e+01
3.930000000000000000e+02 3.380661577608142787e-01 1.328600000000000136e+02
3.920000000000000000e+02 5.225255102040815558e-01 2.048299999999999841e+02
3.920000000000000000e+02 8.965561224489795311e-01 3.514499999999999886e+02
3.920000000000000000e+02 6.835459183673469052e-01 2.679499999999999886e+02
3.920000000000000000e+02 7.216836734693876654e-02 2.828999999999999915e+01
3.920000000000000000e+02 2.381122448979591799e-01 9.334000000000000341e+01
3.920000000000000000e+02 8.625000000000000722e-02 3.381000000000000227e+01
