2.400000000000000000e+01 0.000000000000000000e+00 0.000000000000000000e+00
5.920000000000000000e+02 7.891334459459459438e+00 4.671670000000000073e+03
8.740000000000000000e+02 3.889668192219679632e+00 3.399570000000000164e+03
8.990000000000000000e+02 2.946028921023359448e+00 2.648480000000000018e+03
9.160000000000000000e+02 2.677085152838428073e+00 2.452210000000000036e+03
9.230000000000000000e+02 2.483499458288190631e+00 2.292269999999999982e+03
9.360000000000000000e+02 2.083568376068376082e+00 1.950220000000000027e+03
9.530000000000000000e+02 2.001594963273872096e+00 1.907519999999999982e+03
9.710000000000000000e+02 1.912296601441812571e+00 1.856839999999999918e+03
9.790000000000000000e+02 1.645873340143003016e+00 1.611309999999999945e+03
9.840000000000000000e+02 1.744634146341463410e+00 1.716720000000000027e+03
9.840000000000000000e+02 1.599847560975609762e+00 1.574250000000000000e+03
9.840000000000000000e+02 1.597449186991869885e+00 1.571889999999999873e+03
9.840000000000000000e+02 1.785609756097561007e+00 1.757039999999999964e+03
9.840000000000000000e+02 1.541270325203252023e+00 1.516609999999999900e+03
9.840000000000000000e+02 1.430010162601626167e+00 1.407130000000000109e+03
9.840000000000000000e+02 1.639512195121951121e+00 1.613279999999999973e+03
9.840000000000000000e+02 1.578739837398374091e+00 1.553480000000000018e+03
9.840000000000000000e+02 1.653841463414634338e+00 1.627380000000000109e+03
9.840000000000000000e+02 1.656991869918699178e+00 1.630480000000000018e+03
9.840000000000000000e+02 1.473343495934959391e+00 1.449769999999999982e+03
9.840000000000000000e+02 1.375436991869918746e+00 1.353430000000000064e+03
9.840000000000000000e+02 1.403668699186991997e+00 1.381210000000000036e+03
9.840000000000000000e+02 1.557977642276422658e+00 1.533049999999999955e+03
9.840000000000000000e+02 1.598953252032520256e+00 1.573369999999999891e+03
9.840000000000000000e+02 1.547296747967479735e+00 1.522539999999999964e+03
9.840000000000000000e+02 1.583008130081300591e+00 1.557679999999999836e+03
9.840000000000000000e+02 1.585650406504065080e+00 1.560279999999999973e+03
9.840000000000000000e+02 1.620619918699186979e+00 1.594690000000000055e+03
9.840000000000000000e+02 1.690274390243902358e+00 1.663230000000000018e+03
9.840000000000000000e+02 1.567052845528455363e+00 1.541980000000000018e+03
9.840000000000000000e+02 1.570040650406504090e+00 1.544920000000000073e+03
9.840000000000000000e+02 1.473363821138211405e+00 1.449789999999999964e+03
9.840000000000000000e+02 1.390294715447154328e+00 1.368049999999999955e+03
9.840000000000000000e+02 1.403739837398374268e+00 1.381280000000000200e+03
9.840000000000000000e+02 1.388262195121951370e+00 1.366050000000000182e+03
9.840000000000000000e+02 1.271138211382113692e+00 1.250799999999999955e+03
9.840000000000000000e+02 1.167459349593495954e+00 1.148779999999999973e+03
9.840000000000000000e+02 8.358333333333333171e-01 8.224600000000000364e+02
9.840000000000000000e+02 9.148882113821138473e-01 9.002500000000000000e+02
9.830000000000000000e+02 7.507426246185148200e-01 7.379800000000000182e+02
9.840000000000000000e+02 5.448577235772357197e-01 5.361399999999999864e+02
9.840000000000000000e+02 5.217886178861789181e-01 5.134400000000000546e+02
9.810000000000000000e+02 3.942099898063201047e-01 3.867200000000000273e+02
9.790000000000000000e+02 5.209805924412664879e-01 5.100399999999999068e+02
9.780000000000000000e+02 4.358691206543967023e-01 4.262799999999999727e+02
9.800000000000000000e+02 3.183877551020408148e-01 3.120199999999999818e+02
9.790000000000000000e+02 2.286721144024514984e-01 2.238700000000000045e+02
9.770000000000000000e+02 1.942886386898669271e-01 1.898199999999999932e+02
9.760000000000000000e+02 3.578176229508197026e-01 3.492300000000000182e+02
9.750000000000000000e+02 2.837538461538461898e-01 2.766600000000000250e+02
9.740000000000000000e+02 2.552669404517453611e-01 2.486299999999999955e+02
9.700000000000000000e+02 2.172474226804123609e-01 2.107299999999999898e+02
9.710000000000000000e+02 2.690731204943357380e-01 2.612699999999999818e+02
9.660000000000000000e+02 2.530538302277432483e-01 2.444499999999999886e+02
9.630000000000000000e+02 2.114641744548286517e-01 2.036399999999999864e+02
9.610000000000000000e+02 1.863371488033298551e-01 1.790699999999999932e+02
9.610000000000000000e+02 2.898439125910509673e-01 2.785399999999999636e+02
9.580000000000000000e+02 2.485177453027139771e-01 2.380799999999999841e+02
9.550000000000000000e+02 2.994136125654450198e-01 2.859399999999999977e+02
9.520000000000000000e+02 4.083823529411764741e-01 3.887800000000000296e+02
9.550000000000000000e+02 4.971518324607329675e-01 4.747799999999999727e+02
9.540000000000000000e+02 4.731341719077568064e-01 4.513700000000000045e+02
9.520000000000000000e+02 4.682457983193277218e-01 4.457699999999999818e+02
9.510000000000000000e+02 5.370136698212407689e-01 5.106999999999999886e+02
9.480000000000000000e+02 3.205696202531645445e-01 3.038999999999999773e+02
9.470000000000000000e+02 4.241182682154170935e-01 4.016399999999999864e+02
9.440000000000000000e+02 3.712605932203389969e-01 3.504700000000000273e+02
9.440000000000000000e+02 2.960275423728814248e-01 2.794500000000000455e+02
9.450000000000000000e+02 2.002539682539682397e-01 1.892399999999999807e+02
9.480000000000000000e+02 1.767827004219409415e-01 1.675900000000000034e+02
9.480000000000000000e+02 2.650843881856539963e-01 2.513000000000000114e+02
9.450000000000000000e+02 2.868148148148148557e-01 2.710400000000000205e+02
9.410000000000000000e+02 2.020403825717322077e-01 1.901200000000000045e+02
9.380000000000000000e+02 2.162046908315565230e-01 2.028000000000000114e+02
9.400000000000000000e+02 1.441914893617021187e-01 1.355399999999999920e+02
9.380000000000000000e+02 1.027505330490405128e-01 9.637999999999999545e+01
9.390000000000000000e+02 1.175292864749733768e-01 1.103599999999999994e+02
9.370000000000000000e+02 1.723585912486659544e-01 1.615000000000000000e+02
9.360000000000000000e+02 1.730662393162393231e-01 1.619900000000000091e+02
9.350000000000000000e+02 2.237860962566844691e-01 2.092399999999999807e+02
9.350000000000000000e+02 3.744812834224598985e-01 3.501399999999999864e+02
9.370000000000000000e+02 4.014194236926360571e-01 3.761299999999999955e+02
9.430000000000000000e+02 2.754400848356309828e-01 2.597400000000000091e+02
9.420000000000000000e+02 3.398726114649681107e-01 3.201599999999999682e+02
9.410000000000000000e+02 5.360892667375133369e-01 5.044600000000000364e+02
9.450000000000000000e+02 4.487830687830687837e-01 4.241000000000000227e+02
9.450000000000000000e+02 3.784761904761904661e-01 3.576599999999999682e+02
9.480000000000000000e+02 3.394936708860759600e-01 3.218400000000000318e+02
9.440000000000000000e+02 3.452224576271186174e-01 3.258899999999999864e+02
9.450000000000000000e+02 3.212169312169312341e-01 3.035500000000000114e+02
9.440000000000000000e+02 3.876906779661017377e-01 3.659800000000000182e+02
9.430000000000000000e+02 3.293107104984093758e-01 3.105400000000000205e+02
9.400000000000000000e+02 3.507978723404254762e-01 3.297499999999999432e+02
9.390000000000000000e+02 2.532161874334398211e-01 2.377700000000000102e+02
9.360000000000000000e+02 3.901495726495726735e-01 3.651800000000000068e+02
9.350000000000000000e+02 3.189197860962567077e-01 2.981899999999999977e+02
9.360000000000000000e+02 2.904059829059829623e-01 2.718200000000000500e+02
9.350000000000000000e+02 2.930374331550802403e-01 2.739900000000000091e+02
9.370000000000000000e+02 2.481856990394877283e-01 2.325500000000000114e+02
