2.400000000000000000e+01 0.000000000000000000e+00 0.000000000000000000e+00
2.820000000000000000e+02 5.446595744680851503e+00 1.535940000000000055e+03
2.950000000000000000e+02 2.249966101694915288e+00 6.637400000000000091e+02
2.950000000000000000e+02 2.730203389830508254e+00 8.054099999999999682e+02
2.950000000000000000e+02 2.549525423728813411e+00 7.521099999999999000e+02
2.950000000000000000e+02 1.851762711864406663e+00 5.462699999999999818e+02
2.950000000000000000e+02 2.341864406779660790e+00 6.908499999999999091e+02
2.950000000000000000e+02 6.282711864406779201e-01 1.853399999999999750e+02
2.950000000000000000e+02 9.415593220338982494e-01 2.777599999999999909e+02
2.950000000000000000e+02 2.122677966101694569e+00 6.261899999999999409e+02
2.950000000000000000e+02 1.336508474576271199e+00 3.942699999999999818e+02
2.950000000000000000e+02 1.387118644067796502e+00 4.091999999999999886e+02
2.950000000000000000e+02 4.169491525423728584e-01 1.230000000000000000e+02
2.950000000000000000e+02 4.828474576271186147e-01 1.424399999999999977e+02
2.950000000000000000e+02 1.247830508474576217e+00 3.681100000000000136e+02
2.940000000000000000e+02 1.573537414965986425e+00 4.626200000000000045e+02
2.950000000000000000e+02 1.420305084745762780e+00 4.189900000000000091e+02
2.940000000000000000e+02 9.787755102040816002e-01 2.877599999999999909e+02
2.940000000000000000e+02 5.791836734693877053e-01 1.702799999999999727e+02
2.950000000000000000e+02 9.218983050847459060e-01 2.719600000000000364e+02
2.950000000000000000e+02 1.302711864406779441e+00 3.842999999999999545e+02
2.950000000000000000e+02 7.734237288135593635e-01 2.281600000000000250e+02
2.950000000000000000e+02 2.954237288135593276e-01 8.715000000000000568e+01
2.930000000000000000e+02 3.339931740614334177e-01 9.785999999999999943e+01
2.920000000000000000e+02 2.518150684931506622e-01 7.353000000000000114e+01
2.930000000000000000e+02 5.481228668941979382e-02 1.605999999999999872e+01
2.940000000000000000e+02 2.413265306122448495e-01 7.094999999999998863e+01
2.950000000000000000e+02 3.120677966101694789e-01 9.206000000000000227e+01
2.930000000000000000e+02 3.502389078498293618e-01 1.026200000000000045e+02
2.930000000000000000e+02 3.571672354948804973e-01 1.046499999999999915e+02
2.940000000000000000e+02 9.064625850340135571e-02 2.664999999999999858e+01
2.930000000000000000e+02 1.070307167235494822e-01 3.135999999999999943e+01
2.900000000000000000e+02 1.894137931034482747e-01 5.492999999999999972e+01
2.890000000000000000e+02 3.009342560553633361e-01 8.696999999999999886e+01
2.930000000000000000e+02 5.580204778156996198e-02 1.634999999999999787e+01
2.930000000000000000e+02 1.356996587030716850e-01 3.976000000000000512e+01
2.930000000000000000e+02 4.716723549488055500e-02 1.382000000000000206e+01
2.930000000000000000e+02 3.834129692832764502e-01 1.123400000000000034e+02
2.940000000000000000e+02 1.647517006802721173e+00 4.843700000000000045e+02
2.940000000000000000e+02 1.220612244897959275e+00 3.588600000000000136e+02
2.950000000000000000e+02 1.302406779661017033e+00 3.842100000000000364e+02
2.950000000000000000e+02 1.546101694915254232e-01 4.560999999999999943e+01
2.930000000000000000e+02 1.839590443686007007e-02 5.390000000000000568e+00
2.940000000000000000e+02 5.879931972789115280e-01 1.728700000000000045e+02
2.950000000000000000e+02 1.453016949152542425e+00 4.286399999999999864e+02
2.950000000000000000e+02 1.607932203389830450e+00 4.743399999999999750e+02
2.910000000000000000e+02 7.280756013745705024e-01 2.118700000000000045e+02
2.910000000000000000e+02 3.327147766323023670e-01 9.681999999999999318e+01
2.940000000000000000e+02 1.454761904761904534e-01 4.276999999999999602e+01
2.910000000000000000e+02 6.630927835051545483e-01 1.929599999999999795e+02
2.900000000000000000e+02 6.806206896551724173e-01 1.973799999999999955e+02
2.900000000000000000e+02 4.131724137931034324e-01 1.198199999999999932e+02
2.910000000000000000e+02 1.684536082474226981e-01 4.902000000000000313e+01
2.940000000000000000e+02 4.034013605442176437e-02 1.185999999999999943e+01
2.920000000000000000e+02 1.852054794520547887e-01 5.407999999999999829e+01
2.940000000000000000e+02 3.926530612244897855e-01 1.154399999999999977e+02
2.950000000000000000e+02 3.476610169491525237e-01 1.025600000000000023e+02
2.930000000000000000e+02 7.367918088737200888e-01 2.158799999999999955e+02
2.930000000000000000e+02 6.587372013651876523e-01 1.930099999999999909e+02
2.930000000000000000e+02 3.187713310580205239e-01 9.340000000000000568e+01
2.940000000000000000e+02 2.007142857142857062e-01 5.900999999999999801e+01
2.920000000000000000e+02 6.996575342465753689e-02 2.042999999999999972e+01
2.910000000000000000e+02 1.745360824742268335e-01 5.079000000000000625e+01
2.900000000000000000e+02 8.124137931034480786e-02 2.355999999999999517e+01
2.890000000000000000e+02 1.016608996539792309e-01 2.937999999999999901e+01
2.900000000000000000e+02 9.762068965517242680e-02 2.831000000000000227e+01
2.950000000000000000e+02 9.561016949152543187e-01 2.820500000000000114e+02
2.950000000000000000e+02 8.015254237288135242e-01 2.364499999999999886e+02
2.950000000000000000e+02 2.713220338983050595e-01 8.003999999999999204e+01
2.940000000000000000e+02 5.204081632653061451e-01 1.530000000000000000e+02
2.920000000000000000e+02 1.883561643835616473e-01 5.500000000000000000e+01
2.920000000000000000e+02 2.927397260273972845e-01 8.548000000000000398e+01
2.930000000000000000e+02 3.880887372013651637e-01 1.137099999999999937e+02
2.930000000000000000e+02 1.355290102389078155e-01 3.970999999999999375e+01
2.940000000000000000e+02 1.698639455782312846e-01 4.993999999999999773e+01
2.940000000000000000e+02 2.857142857142857401e-02 8.400000000000000355e+00
2.920000000000000000e+02 1.938356164383561731e-02 5.660000000000000142e+00
2.900000000000000000e+02 3.034482758620689058e-01 8.799999999999998579e+01
2.920000000000000000e+02 1.006061643835616470e+00 2.937699999999999818e+02
2.940000000000000000e+02 7.081632653061226135e-01 2.082000000000000455e+02
2.920000000000000000e+02 7.002739726027398248e-01 2.044800000000000182e+02
2.940000000000000000e+02 1.810680272108843303e+00 5.323399999999999181e+02
2.950000000000000000e+02 1.127389830508474633e+00 3.325799999999999841e+02
2.950000000000000000e+02 2.274915254237288020e-01 6.710999999999999943e+01
2.950000000000000000e+02 3.058644067796610910e-01 9.023000000000001819e+01
2.950000000000000000e+02 3.447457627118644119e-01 1.017000000000000028e+02
2.940000000000000000e+02 9.539795918367347527e-01 2.804700000000000273e+02
2.940000000000000000e+02 4.823129251700680742e-01 1.418000000000000114e+02
2.950000000000000000e+02 6.830169491525424075e-01 2.014900000000000091e+02
2.940000000000000000e+02 3.313605442176870697e-01 9.742000000000000171e+01
2.930000000000000000e+02 1.542320819112627805e-01 4.518999999999999773e+01
2.950000000000000000e+02 2.236610169491525524e-01 6.598000000000000398e+01
2.940000000000000000e+02 4.442176870748298922e-01 1.305999999999999943e+02
2.940000000000000000e+02 6.393877551020409333e-01 1.879800000000000182e+02
2.950000000000000000e+02 2.067457627118644004e-01 6.098999999999999488e+01
2.950000000000000000e+02 1.536610169491525457e-01 4.532999999999999829e+01
2.940000000000000000e+02 3.035714285714285476e-01 8.925000000000000000e+01
2.920000000000000000e+02 5.724315068493149861e-01 1.671499999999999773e+02
2.950000000000000000e+02 6.504067796610170094e-01 1.918700000000000045e+02
2.940000000000000000e+02 3.223469387755101279e-01 9.476999999999998181e+01
