2.400000000000000000e+01 0.000000000000000000e+00 0.000000000000000000e+00
2.900000000000000000e+02 1.858034482758620376e+00 5.388299999999999272e+02
2.950000000000000000e+02 2.527084745762711915e+00 7.454900000000000091e+02
2.950000000000000000e+02 2.950847457627118864e+00 8.705000000000000000e+02
2.950000000000000000e+02 3.852813559322033843e+00 1.136579999999999927e+03
2.950000000000000000e+02 3.999220338983050738e+00 1.179769999999999982e+03
2.950000000000000000e+02 1.350338983050847430e+00 3.983499999999999659e+02
2.950000000000000000e+02 1.326881355932203466e+00 3.914300000000000068e+02
2.950000000000000000e+02 1.940474576271186580e+00 5.724400000000000546e+02
2.950000000000000000e+02 1.286779661016949294e+00 3.796000000000000227e+02
2.950000000000000000e+02 1.878915254237288002e+00 5.542799999999999727e+02
2.950000000000000000e+02 1.888847457627118809e+00 5.572100000000000364e+02
2.950000000000000000e+02 6.430508474576270839e-01 1.896999999999999886e+02
2.950000000000000000e+02 1.373016949152542354e+00 4.050399999999999636e+02
2.950000000000000000e+02 7.874237288135593760e-01 2.322900000000000205e+02
2.950000000000000000e+02 2.444745762711864057e-01 7.211999999999999034e+01
2.940000000000000000e+02 6.696258503401361084e-01 1.968700000000000045e+02
2.940000000000000000e+02 3.617687074829932237e-01 1.063600000000000136e+02
2.940000000000000000e+02 3.559523809523809645e-01 1.046500000000000057e+02
2.950000000000000000e+02 7.986440677966102353e-01 2.356000000000000227e+02
2.940000000000000000e+02 1.111088435374149475e+00 3.266599999999999682e+02
2.940000000000000000e+02 1.385442176870748110e+00 4.073199999999999363e+02
2.950000000000000000e+02 5.265084745762711460e-01 1.553199999999999932e+02
2.940000000000000000e+02 1.883673469387754928e-01 5.537999999999999545e+01
2.940000000000000000e+02 3.374149659863945327e-02 9.919999999999999929e+00
2.930000000000000000e+02 6.086006825938565790e-01 1.783199999999999932e+02
2.930000000000000000e+02 1.176177474402730461e+00 3.446200000000000045e+02
2.950000000000000000e+02 7.326101694915254647e-01 2.161200000000000045e+02
2.950000000000000000e+02 1.125084745762711808e-01 3.318999999999999773e+01
2.910000000000000000e+02 6.272164948453607947e-01 1.825199999999999818e+02
2.910000000000000000e+02 2.981443298969072009e-01 8.675999999999999091e+01
2.940000000000000000e+02 2.974829931972789443e-01 8.746000000000000796e+01
2.910000000000000000e+02 1.316426116838487870e+00 3.830799999999999841e+02
2.900000000000000000e+02 7.489655172413793582e-02 2.172000000000000242e+01
2.920000000000000000e+02 1.980821917808218979e-01 5.783999999999999631e+01
2.930000000000000000e+02 6.531740614334470285e-01 1.913799999999999955e+02
2.920000000000000000e+02 6.061301369863013599e-01 1.769900000000000091e+02
2.940000000000000000e+02 7.009523809523808824e-01 2.060799999999999841e+02
2.950000000000000000e+02 7.477288135593219698e-01 2.205799999999999841e+02
2.930000000000000000e+02 3.245733788395904207e-01 9.509999999999999432e+01
2.920000000000000000e+02 5.132534246575342074e-01 1.498700000000000045e+02
2.920000000000000000e+02 1.830479452054794565e-01 5.345000000000000284e+01
2.920000000000000000e+02 6.328767123287670771e-02 1.848000000000000043e+01
2.920000000000000000e+02 6.729794520547944803e-01 1.965099999999999909e+02
2.920000000000000000e+02 5.828767123287671020e-02 1.701999999999999957e+01
2.930000000000000000e+02 1.839249146757679088e-01 5.389000000000000057e+01
2.900000000000000000e+02 2.388275862068965083e-01 6.925999999999999091e+01
2.910000000000000000e+02 1.563573883161512024e-01 4.550000000000000000e+01
2.910000000000000000e+02 1.647079037800687207e-01 4.792999999999999972e+01
2.910000000000000000e+02 5.024398625429553622e-01 1.462100000000000080e+02
2.920000000000000000e+02 2.521917808219177881e-01 7.364000000000000057e+01
2.940000000000000000e+02 2.084013605442176786e-01 6.126999999999999602e+01
2.930000000000000000e+02 1.143686006825938434e-01 3.350999999999999801e+01
2.930000000000000000e+02 1.024232081911262915e+00 3.001000000000000227e+02
2.930000000000000000e+02 6.195904436860069087e-01 1.815400000000000205e+02
2.920000000000000000e+02 2.889726027397260255e-01 8.437999999999999545e+01
2.930000000000000000e+02 4.368600682593856005e-02 1.279999999999999893e+01
2.930000000000000000e+02 6.965870307167235098e-02 2.041000000000000014e+01
2.920000000000000000e+02 0.000000000000000000e+00 0.000000000000000000e+00
2.910000000000000000e+02 1.211752577319587632e+00 3.526200000000000045e+02
2.920000000000000000e+02 1.952054794520547906e-02 5.700000000000000178e+00
2.930000000000000000e+02 6.633105802047781774e-01 1.943499999999999943e+02
2.940000000000000000e+02 4.144897959183673208e-01 1.218599999999999852e+02
2.940000000000000000e+02 9.363945578231293310e-02 2.753000000000000114e+01
2.930000000000000000e+02 1.671672354948805228e-01 4.897999999999999687e+01
2.910000000000000000e+02 1.239862542955326441e-01 3.607999999999999829e+01
2.930000000000000000e+02 1.046757679180887468e-01 3.067000000000000171e+01
2.940000000000000000e+02 7.354421768707484208e-01 2.162200000000000273e+02
2.930000000000000000e+02 1.692832764505119436e-01 4.960000000000000142e+01
2.930000000000000000e+02 1.995221843003412709e-01 5.845999999999999375e+01
2.920000000000000000e+02 2.461643835616438292e-01 7.187999999999999545e+01
2.910000000000000000e+02 1.083848797250859114e-01 3.153999999999999915e+01
2.910000000000000000e+02 6.651546391752577447e-01 1.935600000000000023e+02
2.920000000000000000e+02 8.230136986301369584e-01 2.403199999999999932e+02
2.910000000000000000e+02 9.838831615120272600e-01 2.863099999999999454e+02
2.940000000000000000e+02 9.318707482993195956e-01 2.739699999999999704e+02
2.950000000000000000e+02 2.177966101694915335e-01 6.425000000000000000e+01
2.940000000000000000e+02 3.864625850340135949e-01 1.136200000000000045e+02
2.920000000000000000e+02 4.514041095890410915e-01 1.318100000000000023e+02
2.930000000000000000e+02 4.218430034129692641e-01 1.235999999999999943e+02
2.930000000000000000e+02 3.090784982935153580e-01 9.056000000000000227e+01
2.930000000000000000e+02 1.927303754266211644e-01 5.646999999999999886e+01
2.930000000000000000e+02 9.385665529010238373e-02 2.750000000000000000e+01
2.920000000000000000e+02 2.329794520547945336e-01 6.803000000000000114e+01
2.930000000000000000e+02 7.962457337883958874e-02 2.332999999999999829e+01
2.940000000000000000e+02 3.594217687074829914e-01 1.056700000000000017e+02
2.940000000000000000e+02 4.113605442176870852e-01 1.209399999999999977e+02
2.930000000000000000e+02 6.996587030716723554e-02 2.050000000000000000e+01
2.910000000000000000e+02 2.238144329896906981e-01 6.512999999999999545e+01
2.930000000000000000e+02 4.389078498293514929e-01 1.285999999999999943e+02
2.930000000000000000e+02 3.659726962457337529e-01 1.072299999999999898e+02
2.920000000000000000e+02 1.800000000000000211e-01 5.256000000000000227e+01
2.920000000000000000e+02 2.581849315068493467e-01 7.539000000000001478e+01
2.940000000000000000e+02 2.559863945578230715e-01 7.525999999999999091e+01
2.950000000000000000e+02 5.262033898305082946e-01 1.552299999999999613e+02
2.950000000000000000e+02 3.923728813559321793e-01 1.157500000000000000e+02
2.950000000000000000e+02 3.024745762711864017e-01 8.922999999999998977e+01
2.940000000000000000e+02 1.236054421768707640e-01 3.634000000000000341e+01
2.930000000000000000e+02 1.225597269624573438e-01 3.591000000000000369e+01
2.950000000000000000e+02 3.681694915254237754e-01 1.086100000000000136e+02
