2.400000000000000000e+01 0.000000000000000000e+00 0.000000000000000000e+00
3.560000000000000000e+02 4.147275280898876204e+00 1.476430000000000064e+03
3.730000000000000000e+02 2.099571045576407613e+00 7.831399999999999864e+02
3.800000000000000000e+02 2.377842105263157535e+00 9.035799999999999272e+02
3.800000000000000000e+02 1.713184210526315754e+00 6.510099999999999909e+02
3.850000000000000000e+02 1.895922077922078008e+00 7.299300000000000637e+02
3.850000000000000000e+02 2.479896103896104265e+00 9.547600000000001046e+02
3.850000000000000000e+02 2.032077922077921706e+00 7.823499999999999091e+02
3.850000000000000000e+02 1.639142857142857013e+00 6.310699999999999363e+02
3.860000000000000000e+02 1.662720207253885807e+00 6.418099999999999454e+02
3.860000000000000000e+02 1.340284974093264081e+00 5.173499999999999091e+02
3.860000000000000000e+02 1.292487046632124326e+00 4.988999999999999773e+02
3.860000000000000000e+02 7.472020725388601736e-01 2.884200000000000159e+02
3.870000000000000000e+02 9.352196382428941135e-01 3.619300000000000068e+02
3.870000000000000000e+02 9.833074935400517580e-01 3.805400000000000205e+02
3.870000000000000000e+02 1.141627906976744100e+00 4.418100000000000023e+02
3.860000000000000000e+02 8.745854922279792110e-01 3.375899999999999750e+02
3.860000000000000000e+02 5.265025906735751882e-01 2.032300000000000182e+02
3.920000000000000000e+02 6.814030612244897922e-01 2.671100000000000136e+02
3.920000000000000000e+02 6.510714285714285232e-01 2.552199999999999989e+02
3.900000000000000000e+02 3.814871794871794730e-01 1.487800000000000011e+02
3.900000000000000000e+02 3.577179487179487083e-01 1.395099999999999909e+02
3.910000000000000000e+02 2.541176470588235037e-01 9.935999999999999943e+01
3.910000000000000000e+02 1.919693094629155994e-01 7.506000000000000227e+01
3.930000000000000000e+02 5.784987277353689228e-01 2.273499999999999943e+02
3.920000000000000000e+02 2.151785714285714135e-01 8.434999999999999432e+01
3.910000000000000000e+02 8.621483375959079765e-02 3.371000000000000085e+01
3.920000000000000000e+02 1.693877551020408004e-02 6.639999999999999680e+00
3.920000000000000000e+02 4.590561224489795866e-01 1.799499999999999886e+02
3.920000000000000000e+02 5.574489795918368129e-01 2.185200000000000102e+02
3.930000000000000000e+02 5.324173027989822504e-01 2.092400000000000091e+02
3.930000000000000000e+02 2.717048346055979668e-01 1.067800000000000011e+02
3.930000000000000000e+02 8.781170483460559728e-02 3.450999999999999801e+01
3.930000000000000000e+02 2.810178117048345858e-01 1.104399999999999977e+02
3.900000000000000000e+02 2.328205128205128593e-01 9.080000000000001137e+01
3.900000000000000000e+02 1.917179487179486719e-01 7.476999999999998181e+01
3.910000000000000000e+02 2.468030690537084126e-01 9.649999999999998579e+01
3.920000000000000000e+02 1.658673469387755006e-01 6.501999999999999602e+01
3.920000000000000000e+02 7.668367346938775864e-02 3.005999999999999872e+01
3.910000000000000000e+02 1.193350383631713446e-01 4.665999999999999659e+01
3.890000000000000000e+02 1.959383033419023201e-01 7.621999999999999886e+01
3.890000000000000000e+02 3.840616966580976538e-02 1.493999999999999950e+01
3.910000000000000000e+02 3.273657289002557952e-02 1.280000000000000071e+01
3.880000000000000000e+02 9.984536082474225471e-02 3.873999999999999488e+01
3.900000000000000000e+02 1.224871794871794789e-01 4.776999999999999602e+01
3.920000000000000000e+02 1.403316326530612002e-01 5.500999999999999091e+01
3.920000000000000000e+02 3.305102040816326747e-01 1.295600000000000023e+02
3.930000000000000000e+02 4.729770992366412741e-01 1.858800000000000239e+02
3.930000000000000000e+02 6.953689567430024754e-01 2.732799999999999727e+02
3.920000000000000000e+02 1.562244897959183809e-01 6.124000000000000199e+01
3.890000000000000000e+02 7.580976863753212391e-02 2.948999999999999844e+01
3.900000000000000000e+02 7.699999999999999900e-02 3.002999999999999758e+01
3.900000000000000000e+02 1.062307692307692258e-01 4.142999999999999972e+01
3.900000000000000000e+02 5.459487179487180208e-01 2.129200000000000159e+02
3.910000000000000000e+02 9.073145780051150577e-01 3.547599999999999909e+02
3.930000000000000000e+02 4.291603053435115167e-01 1.686600000000000250e+02
3.930000000000000000e+02 3.070483460559796374e-01 1.206699999999999875e+02
3.930000000000000000e+02 6.727989821882950361e-01 2.644099999999999682e+02
3.900000000000000000e+02 1.252051282051281911e-01 4.882999999999999829e+01
3.890000000000000000e+02 1.567095115681234052e-01 6.096000000000000085e+01
3.920000000000000000e+02 8.892857142857142627e-02 3.485999999999999943e+01
3.900000000000000000e+02 2.319487179487179362e-01 9.045999999999999375e+01
3.900000000000000000e+02 4.992307692307691724e-02 1.946999999999999886e+01
3.890000000000000000e+02 6.384832904884318872e-01 2.483700000000000045e+02
3.900000000000000000e+02 1.752051282051282077e-01 6.832999999999999829e+01
3.910000000000000000e+02 7.777493606138106974e-02 3.040999999999999659e+01
3.900000000000000000e+02 6.510256410256409776e-02 2.539000000000000057e+01
3.900000000000000000e+02 3.055641025641025466e-01 1.191700000000000017e+02
3.900000000000000000e+02 2.837179487179487536e-01 1.106500000000000057e+02
3.920000000000000000e+02 5.833163265306122724e-01 2.286599999999999966e+02
3.930000000000000000e+02 6.353180661577608745e-01 2.496800000000000068e+02
3.930000000000000000e+02 3.049109414758269243e-01 1.198299999999999841e+02
3.930000000000000000e+02 1.046055979643765871e-01 4.110999999999999943e+01
3.910000000000000000e+02 1.225319693094629042e-01 4.790999999999999659e+01
3.930000000000000000e+02 1.428753180661577471e-01 5.614999999999999858e+01
3.920000000000000000e+02 2.536479591836734437e-01 9.942999999999999261e+01
3.920000000000000000e+02 1.686989795918367174e-01 6.612999999999999545e+01
3.930000000000000000e+02 2.896183206106869856e-01 1.138199999999999932e+02
3.930000000000000000e+02 1.014503816793893287e-01 3.987000000000000455e+01
3.910000000000000000e+02 1.055754475703324785e-01 4.128000000000000114e+01
3.910000000000000000e+02 2.340409207161125160e-01 9.150999999999999091e+01
3.900000000000000000e+02 8.969230769230768230e-02 3.497999999999999687e+01
3.890000000000000000e+02 3.766066838046272514e-02 1.465000000000000036e+01
3.910000000000000000e+02 9.041176470588234704e-01 3.535099999999999909e+02
3.920000000000000000e+02 9.009438775510203445e-01 3.531699999999999591e+02
3.920000000000000000e+02 8.498469387755103188e-01 3.331400000000000432e+02
3.910000000000000000e+02 1.914066496163683018e-01 7.484000000000000341e+01
3.910000000000000000e+02 5.135549872122762566e-02 2.008000000000000185e+01
3.920000000000000000e+02 4.691326530612244944e-02 1.839000000000000057e+01
3.900000000000000000e+02 3.051794871794872299e-01 1.190200000000000102e+02
3.910000000000000000e+02 5.726086956521738713e-01 2.238899999999999864e+02
3.920000000000000000e+02 8.399489795918366752e-01 3.292599999999999909e+02
3.930000000000000000e+02 4.697709923664122322e-01 1.846200000000000045e+02
3.930000000000000000e+02 1.090585241730279847e-01 4.285999999999999943e+01
3.900000000000000000e+02 4.008974358974359831e-01 1.563500000000000227e+02
3.900000000000000000e+02 3.682820512820513259e-01 1.436300000000000239e+02
3.920000000000000000e+02 8.106632653061225380e-01 3.177800000000000296e+02
3.890000000000000000e+02 4.539588688946014639e-01 1.765899999999999750e+02
3.910000000000000000e+02 2.497442455242966930e-01 9.765000000000000568e+01
3.900000000000000000e+02 2.244871794871795279e-01 8.755000000000001137e+01
