2.400000000000000000e+01 0.000000000000000000e+00 0.000000000000000000e+00
3.540000000000000000e+02 1.671468926553672407e+00 5.917000000000000455e+02
3.830000000000000000e+02 2.352558746736292505e+00 9.010299999999999727e+02
3.850000000000000000e+02 1.482701298701298409e+00 5.708399999999999181e+02
3.850000000000000000e+02 2.737194805194805625e+00 1.053820000000000164e+03
3.850000000000000000e+02 2.441636363636363605e+00 9.400299999999999727e+02
3.850000000000000000e+02 6.857662337662336904e-01 2.640199999999999818e+02
3.850000000000000000e+02 7.368051948051947964e-01 2.836700000000000159e+02
3.850000000000000000e+02 2.174493506493506700e+00 8.371800000000000637e+02
3.850000000000000000e+02 9.102857142857142536e-01 3.504599999999999795e+02
3.850000000000000000e+02 9.813246753246751553e-01 3.778099999999999454e+02
3.840000000000000000e+02 7.578125000000000000e-01 2.910000000000000000e+02
3.840000000000000000e+02 1.002135416666666723e+00 3.848199999999999932e+02
3.850000000000000000e+02 1.184285714285714164e+00 4.559499999999999318e+02
3.850000000000000000e+02 7.620779220779220209e-01 2.933999999999999773e+02
3.930000000000000000e+02 6.743256997455470136e-01 2.650099999999999909e+02
3.920000000000000000e+02 4.011734693877550550e-01 1.572599999999999909e+02
3.910000000000000000e+02 5.933759590792839766e-01 2.320100000000000193e+02
3.930000000000000000e+02 4.876335877862594814e-01 1.916399999999999864e+02
3.930000000000000000e+02 7.951145038167939383e-01 3.124800000000000182e+02
3.890000000000000000e+02 2.986118251928020495e-01 1.161599999999999966e+02
3.930000000000000000e+02 1.724681933842239223e-01 6.778000000000000114e+01
3.920000000000000000e+02 1.485459183673469574e-01 5.823000000000000398e+01
3.910000000000000000e+02 6.233503836317135782e-01 2.437299999999999898e+02
3.930000000000000000e+02 9.351653944020356102e-01 3.675199999999999818e+02
3.930000000000000000e+02 5.439440203562340148e-01 2.137699999999999818e+02
3.930000000000000000e+02 4.213740458015267087e-01 1.655999999999999943e+02
3.920000000000000000e+02 3.233673469387755017e-01 1.267600000000000051e+02
3.910000000000000000e+02 8.974424552429668966e-02 3.509000000000000341e+01
3.910000000000000000e+02 5.281329923273657689e-01 2.065000000000000000e+02
3.910000000000000000e+02 2.299232736572890123e-01 8.990000000000000568e+01
3.900000000000000000e+02 7.787179487179486659e-02 3.036999999999999744e+01
3.910000000000000000e+02 3.157289002557545077e-01 1.234500000000000171e+02
3.920000000000000000e+02 6.785714285714286413e-03 2.660000000000000142e+00
3.920000000000000000e+02 2.757142857142856895e-01 1.080799999999999983e+02
3.920000000000000000e+02 1.462576530612244685e+00 5.733299999999999272e+02
3.910000000000000000e+02 2.371099744245524499e-01 9.271000000000000796e+01
3.910000000000000000e+02 3.338107416879794731e-01 1.305199999999999818e+02
3.900000000000000000e+02 2.516153846153846296e-01 9.812999999999999545e+01
3.870000000000000000e+02 1.922480620155038802e-02 7.440000000000000391e+00
3.870000000000000000e+02 4.901808785529715440e-02 1.896999999999999886e+01
3.880000000000000000e+02 3.935051546391752919e-01 1.526800000000000068e+02
3.890000000000000000e+02 1.533933161953727475e-01 5.967000000000000171e+01
3.910000000000000000e+02 3.745268542199488571e-01 1.464399999999999977e+02
3.930000000000000000e+02 4.656488549618319900e-03 1.829999999999999849e+00
3.880000000000000000e+02 1.631185567010308979e-01 6.328999999999999204e+01
3.870000000000000000e+02 1.247028423772609945e-01 4.826000000000000512e+01
3.900000000000000000e+02 5.864615384615384786e-01 2.287199999999999989e+02
3.870000000000000000e+02 3.427906976744186096e-01 1.326599999999999966e+02
3.900000000000000000e+02 4.402307692307692033e-01 1.716899999999999977e+02
3.920000000000000000e+02 3.643112244897959151e-01 1.428100000000000023e+02
3.900000000000000000e+02 9.227435897435897205e-01 3.598700000000000045e+02
3.900000000000000000e+02 9.243589743589743224e-02 3.604999999999999716e+01
3.900000000000000000e+02 2.842307692307692313e-01 1.108499999999999943e+02
3.900000000000000000e+02 3.666666666666667032e-03 1.430000000000000160e+00
3.890000000000000000e+02 1.157583547557840681e-01 4.503000000000000114e+01
3.890000000000000000e+02 3.668123393316195524e-01 1.426899999999999977e+02
3.920000000000000000e+02 3.722959183673469341e-01 1.459399999999999977e+02
3.890000000000000000e+02 1.086889460154241704e-01 4.228000000000000114e+01
3.880000000000000000e+02 3.431185567010309190e-01 1.331299999999999955e+02
3.890000000000000000e+02 3.048843187660668294e-02 1.185999999999999943e+01
3.890000000000000000e+02 2.979434447300771324e-02 1.158999999999999986e+01
3.890000000000000000e+02 2.827506426735219014e-01 1.099900000000000091e+02
3.900000000000000000e+02 1.189000000000000057e+00 4.637099999999999795e+02
3.920000000000000000e+02 1.222755102040816499e+00 4.793200000000000500e+02
3.920000000000000000e+02 3.593877551020407957e-01 1.408799999999999955e+02
3.920000000000000000e+02 5.290051020408162996e-01 2.073700000000000045e+02
3.910000000000000000e+02 2.940664961636828556e-01 1.149800000000000040e+02
3.920000000000000000e+02 8.530612244897958774e-02 3.343999999999999773e+01
3.920000000000000000e+02 1.009693877551020302e-01 3.957999999999999829e+01
3.900000000000000000e+02 1.911794871794871842e-01 7.456000000000000227e+01
3.890000000000000000e+02 2.745501285347043754e-02 1.067999999999999972e+01
3.920000000000000000e+02 4.418367346938775753e-02 1.732000000000000028e+01
3.890000000000000000e+02 4.879177377892030681e-02 1.898000000000000043e+01
3.890000000000000000e+02 1.056298200514138863e-01 4.109000000000000341e+01
3.920000000000000000e+02 5.909693877551021046e-01 2.316600000000000250e+02
3.910000000000000000e+02 1.675959079283887432e-01 6.553000000000000114e+01
3.910000000000000000e+02 2.153196930946291443e-01 8.418999999999999773e+01
3.910000000000000000e+02 1.657289002557544577e-01 6.479999999999999716e+01
3.910000000000000000e+02 3.231202046035805409e-01 1.263399999999999892e+02
3.900000000000000000e+02 1.236923076923076986e-01 4.824000000000000199e+01
3.910000000000000000e+02 2.769820971867007625e-02 1.083000000000000007e+01
3.920000000000000000e+02 3.431122448979591344e-02 1.344999999999999929e+01
3.890000000000000000e+02 2.658354755784061441e-01 1.034099999999999966e+02
3.890000000000000000e+02 1.369511568123393364e+00 5.327400000000000091e+02
3.910000000000000000e+02 8.412276214833760424e-01 3.289200000000000159e+02
3.920000000000000000e+02 6.784438775510205355e-01 2.659500000000000455e+02
3.910000000000000000e+02 1.602301790281329685e-01 6.264999999999999147e+01
3.890000000000000000e+02 4.814910025706940766e-02 1.873000000000000043e+01
3.880000000000000000e+02 6.572164948453608491e-02 2.550000000000000355e+01
3.890000000000000000e+02 2.398457583547557725e-01 9.329999999999999716e+01
3.910000000000000000e+02 9.473145780051150933e-02 3.703999999999999915e+01
3.890000000000000000e+02 7.776349614395887400e-02 3.025000000000000000e+01
3.900000000000000000e+02 1.217692307692307546e-01 4.748999999999999488e+01
3.900000000000000000e+02 1.989230769230769524e-01 7.758000000000001251e+01
3.910000000000000000e+02 1.039130434782608720e-01 4.063000000000000256e+01
3.890000000000000000e+02 4.638303341902313970e-01 1.804300000000000068e+02
3.870000000000000000e+02 2.378036175710594446e-01 9.203000000000000114e+01
3.900000000000000000e+02 3.422051282051282173e-01 1.334600000000000080e+02
3.910000000000000000e+02 1.143989769820971947e-01 4.473000000000000398e+01
