2.400000000000000000e+01 0.000000000000000000e+00 0.000000000000000000e+00
1.950000000000000000e+02 1.594307692307692204e+00 3.108899999999999864e+02
1.950000000000000000e+02 3.547794871794871518e+00 6.918199999999999363e+02
1.950000000000000000e+02 3.989589743589743609e+00 7.779700000000000273e+02
1.950000000000000000e+02 3.512410256410256171e+00 6.849199999999999591e+02
1.950000000000000000e+02 4.796564102564103038e+00 9.353300000000001546e+02
1.950000000000000000e+02 1.932102564102563980e+00 3.767599999999999909e+02
1.950000000000000000e+02 2.126461538461538403e+00 4.146600000000000250e+02
1.950000000000000000e+02 2.893897435897435422e+00 5.643099999999999454e+02
1.950000000000000000e+02 2.273846153846153850e+00 4.433999999999999773e+02
1.950000000000000000e+02 3.863230769230769024e+00 7.533299999999999272e+02
1.950000000000000000e+02 3.497589743589743616e+00 6.820299999999999727e+02
1.950000000000000000e+02 1.490615384615384675e+00 2.906700000000000159e+02
1.950000000000000000e+02 1.927230769230769525e+00 3.758100000000000591e+02
1.950000000000000000e+02 1.304358974358974077e+00 2.543499999999999659e+02
1.950000000000000000e+02 1.378051282051282245e+00 2.687200000000000273e+02
1.950000000000000000e+02 3.497076923076923194e+00 6.819300000000000637e+02
1.950000000000000000e+02 9.546153846153845324e-01 1.861499999999999773e+02
1.950000000000000000e+02 1.674358974358974406e+00 3.265000000000000000e+02
1.950000000000000000e+02 1.237076923076922963e+00 2.412299999999999898e+02
1.940000000000000000e+02 4.911855670103092431e-01 9.528999999999999204e+01
1.940000000000000000e+02 7.735567010309277736e-01 1.500699999999999932e+02
1.950000000000000000e+02 8.517948717948717885e-01 1.660999999999999943e+02
1.950000000000000000e+02 3.732820512820513303e-01 7.279000000000000625e+01
1.950000000000000000e+02 6.026666666666666838e-01 1.175199999999999960e+02
1.950000000000000000e+02 5.366153846153847162e-01 1.046400000000000148e+02
1.940000000000000000e+02 5.774226804123712142e-01 1.120200000000000102e+02
1.950000000000000000e+02 4.930256410256411148e-01 9.614000000000001478e+01
1.950000000000000000e+02 6.270256410256410673e-01 1.222700000000000102e+02
1.950000000000000000e+02 5.146666666666666057e-01 1.003599999999999852e+02
1.950000000000000000e+02 4.666153846153846541e-01 9.099000000000000909e+01
1.950000000000000000e+02 2.583589743589743692e-01 5.038000000000000256e+01
1.930000000000000000e+02 6.047668393782383855e-01 1.167199999999999989e+02
1.930000000000000000e+02 3.595854922279793087e-01 6.940000000000000568e+01
1.950000000000000000e+02 1.507179487179487187e-01 2.939000000000000057e+01
1.950000000000000000e+02 2.695384615384615601e-01 5.256000000000000227e+01
1.950000000000000000e+02 1.730256410256409971e-01 3.373999999999999488e+01
1.950000000000000000e+02 1.037641025641025783e+00 2.023400000000000318e+02
1.950000000000000000e+02 5.199487179487178867e-01 1.013899999999999864e+02
1.950000000000000000e+02 2.455897435897436420e-01 4.789000000000000767e+01
1.950000000000000000e+02 4.838461538461538147e-01 9.434999999999999432e+01
1.950000000000000000e+02 1.327179487179487027e-01 2.587999999999999901e+01
1.950000000000000000e+02 5.389743589743589691e-01 1.050999999999999943e+02
1.940000000000000000e+02 7.795360824742267880e-01 1.512299999999999898e+02
1.940000000000000000e+02 0.000000000000000000e+00 0.000000000000000000e+00
1.950000000000000000e+02 5.441025641025640930e-02 1.060999999999999943e+01
1.940000000000000000e+02 4.893814432989690433e-01 9.493999999999999773e+01
1.940000000000000000e+02 4.324226804123710854e-01 8.388999999999998636e+01
1.940000000000000000e+02 4.334536082474226837e-01 8.409000000000000341e+01
1.950000000000000000e+02 4.465128205128204852e-01 8.706999999999999318e+01
1.950000000000000000e+02 2.234871794871794715e-01 4.357999999999999829e+01
1.950000000000000000e+02 3.515384615384615219e-01 6.854999999999999716e+01
1.920000000000000000e+02 5.272916666666666030e-01 1.012399999999999807e+02
1.940000000000000000e+02 7.612886597938144373e-01 1.476899999999999977e+02
1.950000000000000000e+02 7.080512820512822048e-01 1.380700000000000216e+02
1.950000000000000000e+02 1.278974358974358794e-01 2.493999999999999773e+01
1.950000000000000000e+02 1.405641025641025665e-01 2.741000000000000014e+01
1.950000000000000000e+02 7.794871794871795212e-03 1.520000000000000018e+00
1.950000000000000000e+02 1.674871794871794772e-01 3.265999999999999659e+01
1.950000000000000000e+02 9.366153846153845164e-01 1.826399999999999864e+02
1.950000000000000000e+02 2.370256410256410262e-01 4.621999999999999886e+01
1.950000000000000000e+02 2.723589743589743817e-01 5.310999999999999943e+01
1.930000000000000000e+02 3.780310880829015896e-01 7.296000000000000796e+01
1.930000000000000000e+02 1.984455958549222743e-01 3.829999999999999716e+01
1.950000000000000000e+02 1.560512820512820753e-01 3.043000000000000327e+01
1.940000000000000000e+02 2.088659793814432730e-01 4.051999999999999602e+01
1.940000000000000000e+02 5.585051546391752719e-01 1.083499999999999943e+02
1.930000000000000000e+02 6.076683937823834647e-01 1.172800000000000011e+02
1.940000000000000000e+02 7.921134020618557647e-01 1.536700000000000159e+02
1.930000000000000000e+02 6.130051813471503186e-01 1.183100000000000023e+02
1.920000000000000000e+02 3.648437499999999667e-01 7.004999999999999716e+01
1.930000000000000000e+02 1.421761658031087949e-01 2.743999999999999773e+01
1.950000000000000000e+02 1.352820512820512855e-01 2.637999999999999901e+01
1.950000000000000000e+02 3.620000000000000440e-01 7.059000000000000341e+01
1.950000000000000000e+02 1.106102564102564134e+00 2.156899999999999977e+02
1.950000000000000000e+02 1.259384615384615547e+00 2.455800000000000125e+02
1.950000000000000000e+02 1.503589743589743288e-01 2.931999999999999673e+01
1.950000000000000000e+02 5.525128205128205794e-01 1.077400000000000091e+02
1.930000000000000000e+02 8.759067357512954066e-01 1.690500000000000114e+02
1.920000000000000000e+02 3.652083333333333570e-01 7.012000000000000455e+01
1.930000000000000000e+02 6.924870466321243478e-01 1.336500000000000057e+02
1.920000000000000000e+02 1.507291666666666641e-01 2.893999999999999773e+01
1.930000000000000000e+02 2.493264248704663011e-01 4.811999999999999744e+01
1.940000000000000000e+02 6.513402061855669833e-01 1.263599999999999852e+02
1.940000000000000000e+02 5.128350515463917514e-01 9.948999999999999488e+01
1.920000000000000000e+02 3.848437499999999845e-01 7.389000000000000057e+01
1.940000000000000000e+02 6.537113402061855982e-01 1.268200000000000074e+02
1.950000000000000000e+02 2.499487179487179522e-01 4.874000000000000199e+01
1.920000000000000000e+02 3.200000000000000067e-01 6.143999999999999773e+01
1.920000000000000000e+02 8.115104166666666785e-01 1.558100000000000023e+02
1.950000000000000000e+02 7.455897435897435033e-01 1.453899999999999864e+02
1.940000000000000000e+02 9.321134020618557781e-01 1.808300000000000125e+02
1.940000000000000000e+02 3.515463917525773474e-01 6.820000000000000284e+01
1.940000000000000000e+02 5.398453608247422153e-01 1.047299999999999898e+02
1.940000000000000000e+02 7.232989690721649545e-01 1.403199999999999932e+02
1.940000000000000000e+02 1.265927835051546158e+00 2.455899999999999750e+02
1.940000000000000000e+02 9.205670103092783441e-01 1.785900000000000034e+02
1.940000000000000000e+02 7.891237113402060910e-01 1.530899999999999750e+02
1.930000000000000000e+02 4.870466321243523411e-01 9.400000000000000000e+01
1.940000000000000000e+02 6.490721649484536560e-01 1.259200000000000017e+02
