1.400000000000000000e+01 0.000000000000000000e+00 0.000000000000000000e+00
1.900000000000000000e+01 8.118947368421052246e+00 1.542599999999999909e+02
1.900000000000000000e+01 1.000947368421052630e+01 1.901800000000000068e+02
1.900000000000000000e+01 4.909473684210526656e+00 9.328000000000000114e+01
1.900000000000000000e+01 1.024315789473684291e+01 1.946200000000000045e+02
1.900000000000000000e+01 9.812105263157894441e+00 1.864300000000000068e+02
1.900000000000000000e+01 6.317368421052631966e+00 1.200300000000000011e+02
1.900000000000000000e+01 6.774210526315788350e+00 1.287099999999999795e+02
1.900000000000000000e+01 6.625789473684210229e+00 1.258899999999999864e+02
1.900000000000000000e+01 5.880526315789474268e+00 1.117300000000000040e+02
1.900000000000000000e+01 6.475263157894737276e+00 1.230300000000000153e+02
1.900000000000000000e+01 6.622105263157894939e+00 1.258200000000000074e+02
1.900000000000000000e+01 7.959999999999999076e+00 1.512399999999999807e+02
1.900000000000000000e+01 7.496842105263158196e+00 1.424399999999999977e+02
1.900000000000000000e+01 5.658947368421051394e+00 1.075199999999999818e+02
1.900000000000000000e+01 8.218421052631580181e+00 1.561500000000000341e+02
1.900000000000000000e+01 7.324736842105262546e+00 1.391699999999999875e+02
1.900000000000000000e+01 7.011578947368421133e+00 1.332199999999999989e+02
1.900000000000000000e+01 5.632105263157893837e+00 1.070099999999999909e+02
1.900000000000000000e+01 8.299473684210525448e+00 1.576899999999999977e+02
1.900000000000000000e+01 5.133157894736842586e+00 9.753000000000000114e+01
1.900000000000000000e+01 9.538421052631576913e+00 1.812299999999999613e+02
1.900000000000000000e+01 8.101052631578948393e+00 1.539200000000000159e+02
1.900000000000000000e+01 4.789473684210526550e+00 9.100000000000000000e+01
1.900000000000000000e+01 6.237894736842105381e+00 1.185199999999999960e+02
1.900000000000000000e+01 8.874736842105264145e+00 1.686200000000000045e+02
1.900000000000000000e+01 4.165789473684210265e+00 7.914999999999999147e+01
1.900000000000000000e+01 8.427894736842105772e+00 1.601299999999999955e+02
1.900000000000000000e+01 6.210000000000000853e+00 1.179900000000000091e+02
1.900000000000000000e+01 3.011052631578947203e+00 5.721000000000000085e+01
1.900000000000000000e+01 5.131578947368421240e+00 9.750000000000000000e+01
1.900000000000000000e+01 6.566315789473684106e+00 1.247599999999999909e+02
1.900000000000000000e+01 3.717368421052631433e+00 7.062999999999999545e+01
1.900000000000000000e+01 6.359473684210525946e+00 1.208299999999999983e+02
1.900000000000000000e+01 5.223684210526315930e+00 9.925000000000000000e+01
1.900000000000000000e+01 3.299473684210526336e+00 6.268999999999999773e+01
1.900000000000000000e+01 6.871578947368421453e+00 1.305600000000000023e+02
1.900000000000000000e+01 4.596315789473684355e+00 8.732999999999999829e+01
1.900000000000000000e+01 4.742105263157895045e+00 9.010000000000000853e+01
1.900000000000000000e+01 6.825789473684210407e+00 1.296899999999999977e+02
1.900000000000000000e+01 5.659473684210526656e+00 1.075300000000000011e+02
1.900000000000000000e+01 4.054210526315788599e+00 7.702999999999998693e+01
1.900000000000000000e+01 7.244736842105263364e+00 1.376500000000000057e+02
1.900000000000000000e+01 4.556842105263158693e+00 8.658000000000001251e+01
1.900000000000000000e+01 5.250000000000000000e+00 9.975000000000000000e+01
1.900000000000000000e+01 7.341052631578948606e+00 1.394800000000000182e+02
1.900000000000000000e+01 5.047368421052631504e+00 9.590000000000000568e+01
1.900000000000000000e+01 4.037368421052631717e+00 7.671000000000000796e+01
1.900000000000000000e+01 4.792631578947368354e+00 9.106000000000000227e+01
1.900000000000000000e+01 3.760526315789473717e+00 7.145000000000000284e+01
1.900000000000000000e+01 4.359473684210525946e+00 8.282999999999999829e+01
1.900000000000000000e+01 5.060526315789473983e+00 9.615000000000000568e+01
1.900000000000000000e+01 5.471052631578947612e+00 1.039500000000000028e+02
1.900000000000000000e+01 3.616315789473683928e+00 6.870999999999999375e+01
1.900000000000000000e+01 4.965789473684210087e+00 9.434999999999999432e+01
1.900000000000000000e+01 4.007894736842105843e+00 7.615000000000000568e+01
1.900000000000000000e+01 5.717368421052631433e+00 1.086299999999999955e+02
1.900000000000000000e+01 3.412631578947368460e+00 6.484000000000000341e+01
1.900000000000000000e+01 4.731052631578947398e+00 8.989000000000000057e+01
1.900000000000000000e+01 3.647368421052631593e+00 6.929999999999999716e+01
1.900000000000000000e+01 2.186842105263157698e+00 4.154999999999999716e+01
1.900000000000000000e+01 5.284210526315789025e+00 1.003999999999999915e+02
1.900000000000000000e+01 5.454210526315788954e+00 1.036299999999999955e+02
1.900000000000000000e+01 2.581578947368421417e+00 4.905000000000000426e+01
1.900000000000000000e+01 3.728421052631579080e+00 7.084000000000000341e+01
1.900000000000000000e+01 3.102631578947368407e+00 5.894999999999999574e+01
1.900000000000000000e+01 2.860000000000000320e+00 5.434000000000000341e+01
1.900000000000000000e+01 5.536842105263158231e+00 1.052000000000000028e+02
1.900000000000000000e+01 5.409999999999999254e+00 1.027899999999999920e+02
1.900000000000000000e+01 2.237368421052631895e+00 4.251000000000000512e+01
1.900000000000000000e+01 5.657368421052630936e+00 1.074899999999999949e+02
1.900000000000000000e+01 5.714210526315789629e+00 1.085700000000000074e+02
1.900000000000000000e+01 5.544210526315789700e+00 1.053400000000000034e+02
1.900000000000000000e+01 7.777368421052631042e+00 1.477699999999999818e+02
1.900000000000000000e+01 5.639473684210526194e+00 1.071500000000000057e+02
1.900000000000000000e+01 5.693684210526315681e+00 1.081799999999999926e+02
1.900000000000000000e+01 7.881052631578945977e+00 1.497399999999999807e+02
1.900000000000000000e+01 5.947894736842105345e+00 1.130100000000000051e+02
1.900000000000000000e+01 5.244210526315789878e+00 9.964000000000001478e+01
1.900000000000000000e+01 8.323684210526314686e+00 1.581499999999999773e+02
1.900000000000000000e+01 7.491578947368421559e+00 1.423400000000000034e+02
1.900000000000000000e+01 5.275789473684210584e+00 1.002400000000000091e+02
1.900000000000000000e+01 8.858947368421050683e+00 1.683199999999999648e+02
1.900000000000000000e+01 5.517894736842105630e+00 1.048400000000000034e+02
1.900000000000000000e+01 3.443157894736842195e+00 6.542000000000000171e+01
1.900000000000000000e+01 7.762105263157894619e+00 1.474799999999999898e+02
1.900000000000000000e+01 3.445789473684210513e+00 6.546999999999999886e+01
1.900000000000000000e+01 2.895789473684210247e+00 5.501999999999999602e+01
1.900000000000000000e+01 6.304736842105262973e+00 1.197899999999999920e+02
1.900000000000000000e+01 5.362631578947368638e+00 1.018900000000000006e+02
1.900000000000000000e+01 5.096315789473685243e+00 9.683000000000001251e+01
1.900000000000000000e+01 6.922631578947368247e+00 1.315300000000000011e+02
1.900000000000000000e+01 3.771052631578947878e+00 7.165000000000000568e+01
1.900000000000000000e+01 6.312631578947367927e+00 1.199399999999999977e+02
1.900000000000000000e+01 5.022631578947368780e+00 9.543000000000000682e+01
1.900000000000000000e+01 4.243684210526316392e+00 8.063000000000000966e+01
1.900000000000000000e+01 3.982631578947368300e+00 7.567000000000000171e+01
1.900000000000000000e+01 4.326315789473683893e+00 8.219999999999998863e+01
1.900000000000000000e+01 2.945263157894736583e+00 5.595999999999999375e+01
1.900000000000000000e+01 4.800526315789474197e+00 9.121000000000000796e+01
