2.400000000000000000e+01 0.000000000000000000e+00 0.000000000000000000e+00
3.580000000000000000e+02 5.043715083798883114e+00 1.805650000000000091e+03
3.720000000000000000e+02 1.891532258064516414e+00 7.036500000000000909e+02
3.840000000000000000e+02 2.160625000000000018e+00 8.296800000000000637e+02
3.890000000000000000e+02 1.354832904884318623e+00 5.270299999999999727e+02
3.890000000000000000e+02 1.484473007712082460e+00 5.774600000000000364e+02
3.890000000000000000e+02 2.221876606683804489e+00 8.643099999999999454e+02
3.890000000000000000e+02 1.673264781491002884e+00 6.509000000000000909e+02
3.890000000000000000e+02 1.732570694087403718e+00 6.739700000000000273e+02
3.890000000000000000e+02 7.439845758354756144e-01 2.894100000000000250e+02
3.890000000000000000e+02 9.073521850899743946e-01 3.529600000000000364e+02
3.890000000000000000e+02 8.834961439588688847e-01 3.436800000000000068e+02
3.890000000000000000e+02 1.356632390745501349e+00 5.277300000000000182e+02
3.900000000000000000e+02 1.108205128205128398e+00 4.322000000000000455e+02
3.930000000000000000e+02 1.010000000000000009e+00 3.969300000000000068e+02
3.930000000000000000e+02 5.547837150127227224e-01 2.180300000000000296e+02
3.930000000000000000e+02 5.200254452926208470e-01 2.043700000000000045e+02
3.890000000000000000e+02 6.648329048843187872e-01 2.586200000000000045e+02
3.900000000000000000e+02 5.218974358974358685e-01 2.035399999999999920e+02
3.900000000000000000e+02 1.572307692307692295e-01 6.132000000000000028e+01
3.900000000000000000e+02 1.628717948717948727e-01 6.351999999999999602e+01
3.920000000000000000e+02 1.053316326530612246e-01 4.128999999999999915e+01
3.900000000000000000e+02 4.487179487179487197e-02 1.750000000000000000e+01
3.890000000000000000e+02 8.121079691516708277e-01 3.159099999999999682e+02
3.910000000000000000e+02 1.147058823529411853e-01 4.485000000000000142e+01
3.900000000000000000e+02 6.174358974358973989e-02 2.407999999999999829e+01
3.880000000000000000e+02 3.936855670103092675e-01 1.527500000000000000e+02
3.900000000000000000e+02 4.068974358974358774e-01 1.586899999999999977e+02
3.900000000000000000e+02 2.226153846153846039e-01 8.681999999999999318e+01
3.890000000000000000e+02 1.365809768637532284e-01 5.313000000000000256e+01
3.900000000000000000e+02 2.975897435897436050e-01 1.160600000000000023e+02
3.890000000000000000e+02 1.835218508997429054e-01 7.138999999999998636e+01
3.900000000000000000e+02 1.607435897435897376e-01 6.268999999999999773e+01
3.890000000000000000e+02 1.678406169665809522e-01 6.528999999999999204e+01
3.870000000000000000e+02 1.475193798449612181e-01 5.708999999999999631e+01
3.900000000000000000e+02 1.827948717948717772e-01 7.128999999999999204e+01
3.920000000000000000e+02 7.854591836734693688e-02 3.078999999999999915e+01
3.880000000000000000e+02 2.151288659793814395e-01 8.346999999999999886e+01
3.890000000000000000e+02 2.028277634961439813e-01 7.890000000000000568e+01
3.890000000000000000e+02 7.748071979434446865e-02 3.014000000000000057e+01
3.890000000000000000e+02 1.138560411311053955e-01 4.428999999999999915e+01
3.880000000000000000e+02 2.001804123711339867e-01 7.766999999999998749e+01
3.880000000000000000e+02 4.482989690721649323e-01 1.739399999999999977e+02
3.900000000000000000e+02 2.813589743589743342e-01 1.097299999999999898e+02
3.910000000000000000e+02 9.120204603580561731e-02 3.565999999999999659e+01
3.890000000000000000e+02 1.575321336760925617e-01 6.128000000000000114e+01
3.860000000000000000e+02 1.731088082901554304e-01 6.681999999999999318e+01
3.870000000000000000e+02 2.821705426356588969e-02 1.091999999999999993e+01
3.870000000000000000e+02 7.542635658914728647e-02 2.918999999999999773e+01
3.860000000000000000e+02 1.379274611398963735e-01 5.324000000000000199e+01
3.850000000000000000e+02 2.867272727272727195e-01 1.103899999999999864e+02
3.870000000000000000e+02 1.669509043927648595e-01 6.460999999999999943e+01
3.890000000000000000e+02 1.157583547557840681e-01 4.503000000000000114e+01
3.910000000000000000e+02 4.484143222506393189e-01 1.753299999999999841e+02
3.930000000000000000e+02 9.169465648854961959e-01 3.603600000000000136e+02
3.920000000000000000e+02 3.570663265306122658e-01 1.399699999999999989e+02
3.920000000000000000e+02 1.610714285714285599e-01 6.314000000000000057e+01
3.920000000000000000e+02 5.417346938775510212e-01 2.123600000000000136e+02
3.920000000000000000e+02 3.118622448979591621e-01 1.222500000000000000e+02
3.910000000000000000e+02 9.611253196930945319e-02 3.757999999999999829e+01
3.880000000000000000e+02 1.460824742268041210e-01 5.667999999999999972e+01
3.870000000000000000e+02 8.850129198966408262e-02 3.425000000000000000e+01
3.890000000000000000e+02 1.053984575835475654e-03 4.100000000000000311e-01
3.880000000000000000e+02 6.203608247422680300e-02 2.407000000000000028e+01
3.880000000000000000e+02 3.109536082474226859e-01 1.206500000000000057e+02
3.920000000000000000e+02 2.718112244897958885e-01 1.065499999999999972e+02
3.920000000000000000e+02 6.484183673469388065e-01 2.541800000000000068e+02
3.920000000000000000e+02 5.964540816326531214e-01 2.338100000000000023e+02
3.910000000000000000e+02 3.099999999999999978e-01 1.212099999999999937e+02
3.910000000000000000e+02 6.411764705882352922e-02 2.507000000000000028e+01
3.900000000000000000e+02 6.179487179487180154e-02 2.410000000000000142e+01
3.890000000000000000e+02 8.151670951156812783e-02 3.171000000000000085e+01
3.880000000000000000e+02 5.865979381443298113e-02 2.275999999999999801e+01
3.910000000000000000e+02 2.341432225063938277e-01 9.154999999999998295e+01
3.900000000000000000e+02 1.664871794871794763e-01 6.492999999999999261e+01
3.900000000000000000e+02 6.076923076923076983e-02 2.369999999999999929e+01
3.900000000000000000e+02 1.483076923076923070e-01 5.784000000000000341e+01
3.860000000000000000e+02 1.575388601036269431e-01 6.081000000000000227e+01
3.900000000000000000e+02 8.874615384615385238e-01 3.461100000000000136e+02
3.920000000000000000e+02 1.224234693877551017e+00 4.799000000000000341e+02
3.930000000000000000e+02 2.682951653944020132e-01 1.054399999999999977e+02
3.890000000000000000e+02 8.491002570694086149e-01 3.302999999999999545e+02
3.900000000000000000e+02 2.608461538461538387e-01 1.017299999999999898e+02
3.890000000000000000e+02 2.375321336760925078e-02 9.239999999999998437e+00
3.910000000000000000e+02 1.623785166240409306e-01 6.349000000000000199e+01
3.880000000000000000e+02 6.078865979381442575e-01 2.358599999999999852e+02
3.890000000000000000e+02 9.537532133676092094e-01 3.710099999999999909e+02
3.890000000000000000e+02 1.408997429305912652e-01 5.481000000000000227e+01
3.880000000000000000e+02 3.015463917525773030e-01 1.170000000000000000e+02
3.840000000000000000e+02 5.009375000000000355e-01 1.923600000000000136e+02
3.860000000000000000e+02 8.062176165803108807e-02 3.112000000000000099e+01
3.910000000000000000e+02 1.450895140664961724e-01 5.673000000000000398e+01
3.890000000000000000e+02 1.133676092544986941e-01 4.409999999999999432e+01
3.890000000000000000e+02 5.205912596401027770e-01 2.025099999999999909e+02
3.900000000000000000e+02 7.691025641025640569e-01 2.999499999999999886e+02
3.900000000000000000e+02 6.272820512820512784e-01 2.446399999999999864e+02
3.910000000000000000e+02 2.086700767263427181e-01 8.159000000000000341e+01
3.920000000000000000e+02 1.148469387755101934e-01 4.501999999999999602e+01
3.880000000000000000e+02 4.344587628865979045e-01 1.685699999999999932e+02
3.880000000000000000e+02 7.329896907216494617e-02 2.844000000000000128e+01
