2.400000000000000000e+01 0.000000000000000000e+00 0.000000000000000000e+00
2.910000000000000000e+02 2.710859106529210028e+00 7.888600000000001273e+02
2.950000000000000000e+02 1.756338983050847569e+00 5.181200000000000045e+02
2.950000000000000000e+02 1.317491525423728715e+00 3.886599999999999682e+02
2.950000000000000000e+02 1.215525423728813559e+00 3.585799999999999841e+02
2.950000000000000000e+02 1.374372881355932163e+00 4.054399999999999977e+02
2.950000000000000000e+02 1.025423728813559254e+00 3.025000000000000000e+02
2.950000000000000000e+02 1.332983050847457607e+00 3.932300000000000182e+02
2.950000000000000000e+02 1.547254237288135492e+00 4.564399999999999977e+02
2.950000000000000000e+02 1.107288135593220479e+00 3.266500000000000341e+02
2.950000000000000000e+02 1.031254237288135700e+00 3.042200000000000273e+02
2.950000000000000000e+02 1.183322033898305037e+00 3.490799999999999841e+02
2.950000000000000000e+02 1.194372881355932225e+00 3.523400000000000318e+02
2.950000000000000000e+02 1.760305084745762638e+00 5.192899999999999636e+02
2.950000000000000000e+02 1.770338983050847359e+00 5.222500000000000000e+02
2.940000000000000000e+02 1.161734693877551017e+00 3.415500000000000114e+02
2.940000000000000000e+02 7.028231292517006512e-01 2.066299999999999955e+02
2.920000000000000000e+02 7.521232876712329318e-01 2.196200000000000045e+02
2.920000000000000000e+02 6.479794520547944581e-01 1.892099999999999795e+02
2.950000000000000000e+02 2.290508474576271047e-01 6.756999999999999318e+01
2.940000000000000000e+02 2.709183673469388043e-01 7.965000000000000568e+01
2.930000000000000000e+02 3.163822525597269342e-02 9.269999999999999574e+00
2.930000000000000000e+02 9.167235494880546232e-02 2.685999999999999943e+01
2.940000000000000000e+02 2.358843537414966329e-01 6.935000000000000853e+01
2.920000000000000000e+02 3.438356164383561675e-02 1.003999999999999915e+01
2.920000000000000000e+02 6.072260273972602818e-01 1.773100000000000023e+02
2.940000000000000000e+02 1.362006802721088317e+00 4.004299999999999500e+02
2.950000000000000000e+02 1.549593220338983057e+00 4.571299999999999955e+02
2.950000000000000000e+02 7.707118644067797453e-01 2.273600000000000136e+02
2.950000000000000000e+02 4.037966101694914212e-01 1.191199999999999761e+02
2.950000000000000000e+02 2.168474576271186560e-01 6.397000000000000597e+01
2.920000000000000000e+02 2.903082191780821941e-01 8.476999999999999602e+01
2.910000000000000000e+02 2.408934707903779837e-01 7.009999999999999432e+01
2.920000000000000000e+02 2.203767123287670993e-01 6.434999999999999432e+01
2.930000000000000000e+02 8.964505119453923809e-01 2.626599999999999682e+02
2.940000000000000000e+02 1.176666666666666750e+00 3.459399999999999977e+02
2.950000000000000000e+02 8.094915254237288194e-01 2.388000000000000114e+02
2.950000000000000000e+02 5.922372881355932872e-01 1.747100000000000080e+02
2.950000000000000000e+02 1.221016949152542302e-01 3.601999999999999602e+01
2.930000000000000000e+02 2.022525597269624609e-01 5.925999999999999801e+01
2.930000000000000000e+02 4.051535836177474481e-01 1.187100000000000080e+02
2.920000000000000000e+02 5.267123287671232612e-02 1.537999999999999901e+01
2.920000000000000000e+02 3.278424657534246278e-01 9.572999999999998977e+01
2.930000000000000000e+02 8.308532423208191409e-01 2.434399999999999977e+02
2.930000000000000000e+02 3.160409556313992785e-01 9.259999999999999432e+01
2.910000000000000000e+02 2.086597938144329756e-01 6.071999999999999886e+01
2.910000000000000000e+02 4.451890034364261450e-01 1.295500000000000114e+02
2.920000000000000000e+02 1.471575342465753500e-01 4.296999999999999886e+01
2.940000000000000000e+02 3.708163265306122502e-01 1.090199999999999960e+02
2.910000000000000000e+02 4.887628865979382065e-01 1.422300000000000182e+02
2.920000000000000000e+02 6.635958904109588996e-01 1.937700000000000102e+02
2.950000000000000000e+02 5.847796610169491149e-01 1.725099999999999909e+02
2.940000000000000000e+02 6.479931972789115813e-01 1.905099999999999909e+02
2.930000000000000000e+02 4.323549488054607148e-01 1.266799999999999926e+02
2.930000000000000000e+02 3.253924914675768165e-01 9.534000000000000341e+01
2.950000000000000000e+02 2.387796610169491407e-01 7.043999999999999773e+01
2.930000000000000000e+02 2.742320819112628039e-01 8.034999999999999432e+01
2.920000000000000000e+02 1.398972602739725901e-01 4.084999999999999432e+01
2.930000000000000000e+02 4.143003412969283317e-01 1.213900000000000006e+02
2.940000000000000000e+02 9.182312925170067475e-01 2.699599999999999795e+02
2.940000000000000000e+02 6.842517006802720791e-01 2.011699999999999875e+02
2.930000000000000000e+02 5.216723549488054834e-01 1.528499999999999943e+02
2.930000000000000000e+02 3.107849829351536086e-01 9.106000000000000227e+01
2.940000000000000000e+02 1.746938775510203934e-01 5.135999999999999943e+01
2.930000000000000000e+02 2.540614334470989721e-01 7.443999999999999773e+01
2.950000000000000000e+02 6.431525423728814417e-01 1.897300000000000182e+02
2.950000000000000000e+02 3.135254237288134793e-01 9.248999999999998067e+01
2.920000000000000000e+02 4.621917808219177526e-01 1.349599999999999795e+02
2.920000000000000000e+02 3.885616438356164770e-01 1.134600000000000080e+02
2.930000000000000000e+02 1.552218430034129626e-01 4.547999999999999687e+01
2.920000000000000000e+02 2.550684931506849717e-01 7.448000000000000398e+01
2.920000000000000000e+02 2.109589041095890349e-01 6.159999999999999432e+01
2.940000000000000000e+02 1.389455782312925269e-01 4.085000000000000142e+01
2.920000000000000000e+02 6.684931506849316196e-02 1.952000000000000313e+01
2.920000000000000000e+02 3.739726027397259622e-02 1.091999999999999815e+01
2.930000000000000000e+02 1.302730375426621179e-01 3.817000000000000171e+01
2.920000000000000000e+02 4.044520547945205657e-01 1.181000000000000085e+02
2.920000000000000000e+02 1.577739726027397316e-01 4.607000000000000028e+01
2.940000000000000000e+02 3.887414965986394355e-01 1.142899999999999920e+02
2.930000000000000000e+02 4.460750853242320679e-01 1.306999999999999886e+02
2.910000000000000000e+02 1.644673539518900218e-01 4.785999999999999943e+01
2.910000000000000000e+02 3.308247422680412608e-01 9.627000000000001023e+01
2.910000000000000000e+02 2.613058419243985964e-01 7.603999999999999204e+01
2.910000000000000000e+02 2.143986254295532634e-01 6.239000000000000057e+01
2.930000000000000000e+02 3.894539249146757864e-01 1.141099999999999994e+02
2.920000000000000000e+02 2.292465753424657582e-01 6.693999999999999773e+01
2.920000000000000000e+02 8.415410958904110394e-01 2.457300000000000182e+02
2.950000000000000000e+02 8.446779661016948770e-01 2.491799999999999784e+02
2.950000000000000000e+02 1.566440677966101369e-01 4.620999999999999375e+01
2.950000000000000000e+02 7.074576271186440446e-02 2.087000000000000099e+01
2.940000000000000000e+02 2.380952380952380733e-03 6.999999999999999556e-01
2.940000000000000000e+02 4.659863945578231192e-02 1.369999999999999929e+01
2.930000000000000000e+02 1.218327645051194619e+00 3.569700000000000273e+02
2.910000000000000000e+02 1.825910652920962329e+00 5.313400000000000318e+02
2.930000000000000000e+02 8.596587030716723588e-01 2.518799999999999955e+02
2.920000000000000000e+02 8.099315068493150305e-01 2.365000000000000000e+02
2.930000000000000000e+02 5.807508532423208969e-01 1.701600000000000250e+02
2.890000000000000000e+02 5.984083044982697608e-01 1.729399999999999693e+02
2.890000000000000000e+02 6.467474048442906076e-01 1.869099999999999966e+02
2.920000000000000000e+02 2.744520547945205058e-01 8.013999999999998636e+01
