2.400000000000000000e+01 0.000000000000000000e+00 0.000000000000000000e+00
1.950000000000000000e+02 3.197692307692307612e+00 6.235499999999999545e+02
1.950000000000000000e+02 2.164051282051282055e+00 4.219900000000000091e+02
1.950000000000000000e+02 2.428410256410256540e+00 4.735400000000000205e+02
1.950000000000000000e+02 2.041641025641025564e+00 3.981200000000000045e+02
1.950000000000000000e+02 1.818205128205128585e+00 3.545500000000000682e+02
1.950000000000000000e+02 1.790307692307692378e+00 3.491100000000000136e+02
1.950000000000000000e+02 2.003589743589743399e+00 3.906999999999999886e+02
1.950000000000000000e+02 2.230666666666666575e+00 4.349800000000000182e+02
1.950000000000000000e+02 1.852615384615384553e+00 3.612599999999999909e+02
1.950000000000000000e+02 1.890820512820513111e+00 3.687100000000000364e+02
1.950000000000000000e+02 2.673025641025640997e+00 5.212400000000000091e+02
1.950000000000000000e+02 2.046000000000000263e+00 3.989700000000000273e+02
1.950000000000000000e+02 1.571999999999999842e+00 3.065399999999999636e+02
1.940000000000000000e+02 1.472113402061855814e+00 2.855900000000000318e+02
1.940000000000000000e+02 7.900515463917526793e-01 1.532700000000000102e+02
1.950000000000000000e+02 6.318974358974358552e-01 1.232199999999999989e+02
1.950000000000000000e+02 4.183076923076922693e-01 8.156999999999999318e+01
1.950000000000000000e+02 2.608205128205128287e-01 5.085999999999999943e+01
1.930000000000000000e+02 3.673056994818653109e-01 7.089000000000000057e+01
1.910000000000000000e+02 4.370680628272251567e-01 8.348000000000000398e+01
1.930000000000000000e+02 6.580310880829015607e-02 1.269999999999999929e+01
1.950000000000000000e+02 6.710769230769230154e-01 1.308599999999999852e+02
1.950000000000000000e+02 5.586153846153846247e-01 1.089299999999999926e+02
1.950000000000000000e+02 2.988717948717948825e-01 5.828000000000000114e+01
1.920000000000000000e+02 4.277083333333333570e-01 8.212000000000000455e+01
1.920000000000000000e+02 1.062135416666666776e+00 2.039300000000000068e+02
1.940000000000000000e+02 9.376804123711341976e-01 1.819100000000000250e+02
1.950000000000000000e+02 5.237435897435896992e-01 1.021299999999999955e+02
1.950000000000000000e+02 5.153846153846153300e-01 1.005000000000000000e+02
1.950000000000000000e+02 2.129743589743589571e-01 4.152999999999999403e+01
1.940000000000000000e+02 6.696391752577319778e-01 1.299099999999999966e+02
1.940000000000000000e+02 6.956701030927834317e-01 1.349599999999999795e+02
1.940000000000000000e+02 5.930927835051545971e-01 1.150600000000000023e+02
1.940000000000000000e+02 4.307216494845361177e-01 8.356000000000000227e+01
1.920000000000000000e+02 2.726562499999999889e-01 5.234999999999999432e+01
1.930000000000000000e+02 8.751295336787565105e-02 1.689000000000000057e+01
1.910000000000000000e+02 1.814136125654450538e-01 3.465000000000000568e+01
1.930000000000000000e+02 1.036269430051813478e-04 2.000000000000000042e-02
1.940000000000000000e+02 3.345360824742267536e-02 6.489999999999999325e+00
1.920000000000000000e+02 1.093229166666666724e-01 2.099000000000000199e+01
1.920000000000000000e+02 6.151041666666665769e-02 1.180999999999999872e+01
1.920000000000000000e+02 1.892708333333333603e-01 3.634000000000000341e+01
1.920000000000000000e+02 1.660416666666666707e-01 3.188000000000000256e+01
1.910000000000000000e+02 1.462827225130890196e-01 2.794000000000000128e+01
1.880000000000000000e+02 8.346276595744680504e-01 1.569099999999999966e+02
1.910000000000000000e+02 6.078010471204188248e-01 1.160900000000000034e+02
1.920000000000000000e+02 3.185416666666666674e-01 6.115999999999999659e+01
1.920000000000000000e+02 2.406770833333332915e-01 4.620999999999999375e+01
1.930000000000000000e+02 3.086010362694300846e-01 5.956000000000000227e+01
1.930000000000000000e+02 1.977202072538860045e-01 3.815999999999999659e+01
1.920000000000000000e+02 4.342187500000000422e-01 8.337000000000000455e+01
1.930000000000000000e+02 7.398963730569947661e-02 1.427999999999999936e+01
1.940000000000000000e+02 3.556701030927835183e-01 6.900000000000000000e+01
1.930000000000000000e+02 1.218134715025906700e-01 2.350999999999999801e+01
1.940000000000000000e+02 2.389175257731958879e-01 4.635000000000000142e+01
1.940000000000000000e+02 1.491340206185567174e+00 2.893200000000000500e+02
1.950000000000000000e+02 1.268820512820513002e+00 2.474200000000000159e+02
1.940000000000000000e+02 7.142268041237113119e-01 1.385600000000000023e+02
1.940000000000000000e+02 1.849587628865979605e+00 3.588200000000000500e+02
1.950000000000000000e+02 2.537076923076922785e+00 4.947299999999999613e+02
1.950000000000000000e+02 1.874461538461538401e+00 3.655199999999999818e+02
1.950000000000000000e+02 1.619897435897435845e+00 3.158799999999999955e+02
1.950000000000000000e+02 9.707179487179486976e-01 1.892899999999999920e+02
1.950000000000000000e+02 4.773333333333333317e-01 9.307999999999999829e+01
1.940000000000000000e+02 1.235824742268041287e+00 2.397500000000000000e+02
1.950000000000000000e+02 7.397948717948718000e-01 1.442599999999999909e+02
1.940000000000000000e+02 2.910824742268041665e-01 5.647000000000000597e+01
1.910000000000000000e+02 1.396858638743455616e+00 2.668000000000000114e+02
1.920000000000000000e+02 9.873437500000000755e-01 1.895700000000000216e+02
1.920000000000000000e+02 5.032812500000000133e-01 9.662999999999999545e+01
1.920000000000000000e+02 4.819270833333333393e-01 9.253000000000000114e+01
1.920000000000000000e+02 5.208333333333333668e-05 1.000000000000000021e-02
1.920000000000000000e+02 6.140624999999999556e-02 1.178999999999999915e+01
1.910000000000000000e+02 4.712041884816753866e-04 8.999999999999999667e-02
1.940000000000000000e+02 5.113402061855669423e-02 9.919999999999998153e+00
1.920000000000000000e+02 2.202083333333333393e-01 4.228000000000000114e+01
1.910000000000000000e+02 7.015706806282721864e-02 1.339999999999999858e+01
1.930000000000000000e+02 1.012953367875647492e-01 1.954999999999999716e+01
1.930000000000000000e+02 2.118652849740932653e-01 4.089000000000000057e+01
1.920000000000000000e+02 6.352604166666666607e-01 1.219699999999999989e+02
1.930000000000000000e+02 6.342487046632123704e-01 1.224099999999999824e+02
1.940000000000000000e+02 1.646185567010309381e+00 3.193600000000000136e+02
1.950000000000000000e+02 1.238769230769230845e+00 2.415600000000000023e+02
1.950000000000000000e+02 8.215897435897436818e-01 1.602100000000000080e+02
1.950000000000000000e+02 6.261538461538461720e-01 1.220999999999999943e+02
1.940000000000000000e+02 9.217010309278350633e-01 1.788100000000000023e+02
1.940000000000000000e+02 1.921237113402062047e+00 3.727200000000000273e+02
1.950000000000000000e+02 9.629230769230768816e-01 1.877699999999999818e+02
1.950000000000000000e+02 5.748717948717948500e-01 1.120999999999999943e+02
1.950000000000000000e+02 5.463589743589742920e-01 1.065399999999999920e+02
1.940000000000000000e+02 3.147938144329897048e-01 6.107000000000000028e+01
1.920000000000000000e+02 3.814583333333332882e-01 7.323999999999999488e+01
1.940000000000000000e+02 5.423195876288658956e-01 1.052099999999999937e+02
1.930000000000000000e+02 5.646632124352332083e-01 1.089800000000000182e+02
1.930000000000000000e+02 9.619170984455959195e-01 1.856500000000000057e+02
1.940000000000000000e+02 1.815360824742268120e+00 3.521800000000000068e+02
1.950000000000000000e+02 3.188666666666666316e+00 6.217899999999999636e+02
1.950000000000000000e+02 2.059435897435897278e+00 4.015899999999999750e+02
1.950000000000000000e+02 1.640153846153846073e+00 3.198299999999999841e+02
