2.400000000000000000e+01 0.000000000000000000e+00 0.000000000000000000e+00
2.910000000000000000e+02 4.928728522336769835e+00 1.434259999999999991e+03
2.950000000000000000e+02 4.637288135593220062e+00 1.368000000000000000e+03
2.950000000000000000e+02 3.164169491525424149e+00 9.334300000000000637e+02
2.950000000000000000e+02 2.824745762711864394e+00 8.332999999999999545e+02
2.950000000000000000e+02 1.869186440677966354e+00 5.514100000000000819e+02
2.950000000000000000e+02 2.149796610169491196e+00 6.341899999999999409e+02
2.950000000000000000e+02 2.146576271186440898e+00 6.332400000000000091e+02
2.950000000000000000e+02 1.552169491525423828e+00 4.578900000000000432e+02
2.950000000000000000e+02 2.756271186440678034e-01 8.131000000000000227e+01
2.950000000000000000e+02 1.029491525423728904e+00 3.037000000000000455e+02
2.950000000000000000e+02 1.739932203389830789e+00 5.132800000000000864e+02
2.950000000000000000e+02 1.882033898305084829e+00 5.552000000000000455e+02
2.950000000000000000e+02 1.213118644067796570e+00 3.578700000000000045e+02
2.950000000000000000e+02 1.847830508474576305e+00 5.451100000000000136e+02
2.950000000000000000e+02 1.653864406779661067e+00 4.878899999999999864e+02
2.950000000000000000e+02 2.000949152542372822e+00 5.902799999999999727e+02
2.950000000000000000e+02 8.849830508474577639e-01 2.610700000000000500e+02
2.950000000000000000e+02 1.080949152542372893e+00 3.188799999999999955e+02
2.940000000000000000e+02 9.215646258503401578e-01 2.709399999999999977e+02
2.920000000000000000e+02 4.186301369863014155e-01 1.222400000000000091e+02
2.920000000000000000e+02 7.323630136986301054e-01 2.138499999999999943e+02
2.930000000000000000e+02 3.416382252559726496e-01 1.000999999999999943e+02
2.930000000000000000e+02 1.064163822525597269e-01 3.117999999999999972e+01
2.910000000000000000e+02 1.306529209621993259e-01 3.802000000000000313e+01
2.930000000000000000e+02 8.453924914675767233e-02 2.476999999999999957e+01
2.940000000000000000e+02 1.964285714285714246e-01 5.775000000000000000e+01
2.920000000000000000e+02 3.795205479452055108e-01 1.108200000000000074e+02
2.930000000000000000e+02 5.090443686006825841e-01 1.491500000000000057e+02
2.930000000000000000e+02 2.238225255972696170e-01 6.557999999999999829e+01
2.890000000000000000e+02 2.516608996539792531e-01 7.273000000000000398e+01
2.910000000000000000e+02 9.458075601374571484e-01 2.752300000000000182e+02
2.950000000000000000e+02 4.786779661016949405e-01 1.412100000000000080e+02
2.950000000000000000e+02 3.204067796610168828e-01 9.451999999999998181e+01
2.950000000000000000e+02 4.327118644067796671e-01 1.276500000000000057e+02
2.950000000000000000e+02 1.268271186440677933e+00 3.741399999999999864e+02
2.940000000000000000e+02 8.555442176870747817e-01 2.515300000000000011e+02
2.920000000000000000e+02 1.416438356164383405e-01 4.135999999999999943e+01
2.940000000000000000e+02 1.384693877551020358e-01 4.071000000000000085e+01
2.920000000000000000e+02 1.067465753424657604e-01 3.117000000000000171e+01
2.920000000000000000e+02 3.280479452054794187e-01 9.578999999999999204e+01
2.920000000000000000e+02 1.100136986301369912e+00 3.212400000000000091e+02
2.920000000000000000e+02 3.222602739726027066e-01 9.409999999999999432e+01
2.920000000000000000e+02 1.036986301369862834e-01 3.027999999999999403e+01
2.930000000000000000e+02 1.484300341296928283e-01 4.348999999999999488e+01
2.940000000000000000e+02 1.295578231292517091e-01 3.809000000000000341e+01
2.940000000000000000e+02 5.339115646258504322e-01 1.569700000000000273e+02
2.940000000000000000e+02 3.042517006802721302e-01 8.945000000000000284e+01
2.950000000000000000e+02 7.743389830508473626e-01 2.284299999999999784e+02
2.950000000000000000e+02 7.877288135593220053e-01 2.323799999999999955e+02
2.950000000000000000e+02 6.582711864406779467e-01 1.941899999999999977e+02
2.940000000000000000e+02 4.303401360544217291e-01 1.265199999999999960e+02
2.910000000000000000e+02 4.669415807560137188e-01 1.358799999999999955e+02
2.910000000000000000e+02 2.904810996563573777e-01 8.453000000000000114e+01
2.940000000000000000e+02 7.379251700680272696e-01 2.169500000000000171e+02
2.930000000000000000e+02 3.884641638225255766e-01 1.138199999999999932e+02
2.940000000000000000e+02 3.181972789115646294e-01 9.354999999999999716e+01
2.950000000000000000e+02 1.105084745762711929e-01 3.260000000000000142e+01
2.920000000000000000e+02 3.610616438356163971e-01 1.054299999999999926e+02
2.920000000000000000e+02 1.879109589041096096e-01 5.487000000000000455e+01
2.920000000000000000e+02 2.330479452054794454e-01 6.804999999999999716e+01
2.900000000000000000e+02 2.574137931034483073e-01 7.465000000000000568e+01
2.930000000000000000e+02 3.445392491467577090e-01 1.009500000000000028e+02
2.940000000000000000e+02 2.565986394557823180e-01 7.543999999999999773e+01
2.940000000000000000e+02 2.367346938775510001e-01 6.959999999999999432e+01
2.920000000000000000e+02 3.877739726027397693e-01 1.132300000000000182e+02
2.900000000000000000e+02 7.789310344827585775e-01 2.258899999999999864e+02
2.940000000000000000e+02 3.481972789115646560e-01 1.023700000000000045e+02
2.940000000000000000e+02 3.583333333333333370e-01 1.053499999999999943e+02
2.910000000000000000e+02 2.722680412371133452e-01 7.922999999999998977e+01
2.900000000000000000e+02 2.604137931034483100e-01 7.552000000000001023e+01
2.920000000000000000e+02 4.143835616438356073e-01 1.210000000000000000e+02
2.930000000000000000e+02 2.545733788395904695e-01 7.459000000000000341e+01
2.930000000000000000e+02 3.202047781569965501e-01 9.381999999999999318e+01
2.910000000000000000e+02 6.990378006872852712e-01 2.034200000000000159e+02
2.910000000000000000e+02 9.145360824742267969e-01 2.661299999999999955e+02
2.940000000000000000e+02 3.222108843537415113e-01 9.473000000000000398e+01
2.940000000000000000e+02 6.751020408163265207e-01 1.984799999999999898e+02
2.930000000000000000e+02 5.162798634812285625e-01 1.512699999999999818e+02
2.930000000000000000e+02 1.913993174061433267e-01 5.607999999999999829e+01
2.950000000000000000e+02 1.449152542372881269e-01 4.275000000000000000e+01
2.950000000000000000e+02 3.652542372881356081e-01 1.077500000000000000e+02
2.920000000000000000e+02 2.440753424657534087e-01 7.126999999999999602e+01
2.900000000000000000e+02 4.033793103448276574e-01 1.169800000000000182e+02
2.930000000000000000e+02 7.957337883959043623e-01 2.331499999999999773e+02
2.920000000000000000e+02 6.831506849315068797e-01 1.994800000000000182e+02
2.950000000000000000e+02 4.953898305084745157e-01 1.461399999999999864e+02
2.950000000000000000e+02 1.108474576271186590e-01 3.270000000000000284e+01
2.950000000000000000e+02 2.835593220338983311e-01 8.365000000000000568e+01
2.930000000000000000e+02 1.367064846416382373e+00 4.005500000000000114e+02
2.930000000000000000e+02 7.752901023890785837e-01 2.271600000000000250e+02
2.930000000000000000e+02 7.869624573378839472e-01 2.305799999999999841e+02
2.930000000000000000e+02 3.869965870307167655e-01 1.133900000000000148e+02
2.920000000000000000e+02 1.977739726027397393e-01 5.775000000000000000e+01
2.910000000000000000e+02 4.210652920962199008e-01 1.225299999999999869e+02
2.920000000000000000e+02 7.595547945205479712e-01 2.217900000000000205e+02
2.930000000000000000e+02 6.048122866894197758e-01 1.772099999999999795e+02
2.920000000000000000e+02 3.211986301369862962e-01 9.378999999999999204e+01
2.920000000000000000e+02 2.902054794520547709e-01 8.473999999999999488e+01
2.920000000000000000e+02 1.152397260273972379e-01 3.364999999999999147e+01
