2.400000000000000000e+01 0.000000000000000000e+00 0.000000000000000000e+00
1.950000000000000000e+02 4.396666666666667389e+00 8.573500000000001364e+02
1.950000000000000000e+02 4.238205128205128069e+00 8.264500000000000455e+02
1.950000000000000000e+02 4.371230769230769475e+00 8.523899999999999864e+02
1.950000000000000000e+02 4.065589743589743676e+00 7.927899999999999636e+02
1.950000000000000000e+02 3.173641025641025681e+00 6.188600000000000136e+02
1.950000000000000000e+02 3.302153846153846661e+00 6.439200000000000728e+02
1.950000000000000000e+02 3.099230769230769234e+00 6.043500000000000227e+02
1.950000000000000000e+02 2.539076923076923009e+00 4.951200000000000045e+02
1.950000000000000000e+02 2.058512820512820252e+00 4.014099999999999682e+02
1.950000000000000000e+02 2.301641025641025351e+00 4.488199999999999363e+02
1.950000000000000000e+02 1.874769230769230299e+00 3.655799999999999272e+02
1.950000000000000000e+02 1.258717948717948731e+00 2.454499999999999886e+02
1.950000000000000000e+02 2.133128205128205224e+00 4.159599999999999795e+02
1.940000000000000000e+02 1.231391752577319476e+00 2.388899999999999864e+02
1.940000000000000000e+02 1.225773195876288524e+00 2.377999999999999829e+02
1.950000000000000000e+02 1.024666666666666615e+00 1.998100000000000023e+02
1.930000000000000000e+02 7.391709844559586351e-01 1.426600000000000250e+02
1.930000000000000000e+02 1.027927461139896304e+00 1.983899999999999864e+02
1.950000000000000000e+02 7.678461538461538449e-01 1.497299999999999898e+02
1.950000000000000000e+02 5.549230769230768523e-01 1.082099999999999937e+02
1.950000000000000000e+02 9.471794871794870785e-01 1.846999999999999886e+02
1.950000000000000000e+02 8.246666666666666590e-01 1.608100000000000023e+02
1.950000000000000000e+02 4.647179487179487478e-01 9.062000000000000455e+01
1.950000000000000000e+02 3.483076923076923181e-01 6.792000000000000171e+01
1.940000000000000000e+02 2.990206185567010344e-01 5.801000000000000512e+01
1.930000000000000000e+02 3.583419689119171081e-01 6.915999999999999659e+01
1.940000000000000000e+02 8.037113402061855094e-01 1.559199999999999875e+02
1.950000000000000000e+02 1.402666666666666506e+00 2.735199999999999818e+02
1.950000000000000000e+02 1.682974358974358653e+00 3.281799999999999500e+02
1.950000000000000000e+02 2.325794871794871987e+00 4.535300000000000296e+02
1.950000000000000000e+02 1.619230769230769251e+00 3.157500000000000000e+02
1.950000000000000000e+02 1.413538461538461410e+00 2.756399999999999864e+02
1.950000000000000000e+02 1.099076923076923062e+00 2.143199999999999932e+02
1.950000000000000000e+02 1.014615384615384697e+00 1.978500000000000227e+02
1.940000000000000000e+02 3.465463917525772874e-01 6.722999999999998977e+01
1.940000000000000000e+02 1.619587628865979401e-01 3.141999999999999815e+01
1.940000000000000000e+02 3.085051546391752164e-01 5.984999999999999432e+01
1.950000000000000000e+02 2.431794871794871471e-01 4.741999999999999460e+01
1.950000000000000000e+02 5.684615384615384626e-01 1.108499999999999943e+02
1.950000000000000000e+02 7.785128205128205581e-01 1.518100000000000023e+02
1.950000000000000000e+02 7.059999999999999609e-01 1.376699999999999875e+02
1.940000000000000000e+02 6.658247422680413363e-01 1.291700000000000159e+02
1.940000000000000000e+02 1.682474226804123729e-01 3.264000000000000057e+01
1.950000000000000000e+02 4.906153846153846199e-01 9.567000000000000171e+01
1.940000000000000000e+02 4.767525773195875893e-01 9.248999999999999488e+01
1.950000000000000000e+02 2.478461538461538272e-01 4.832999999999999829e+01
1.950000000000000000e+02 2.816410256410256663e-01 5.492000000000000171e+01
1.940000000000000000e+02 4.634536082474226548e-01 8.990999999999999659e+01
1.950000000000000000e+02 6.105128205128205199e-01 1.190499999999999972e+02
1.950000000000000000e+02 8.083076923076922826e-01 1.576200000000000045e+02
1.950000000000000000e+02 5.922051282051281618e-01 1.154799999999999898e+02
1.950000000000000000e+02 3.736410256410256370e-01 7.285999999999999943e+01
1.950000000000000000e+02 1.475384615384615350e-01 2.876999999999999957e+01
1.950000000000000000e+02 1.036410256410256331e-01 2.020999999999999730e+01
1.940000000000000000e+02 6.762886597938143340e-02 1.311999999999999922e+01
1.950000000000000000e+02 5.698461538461538911e-01 1.111200000000000045e+02
1.950000000000000000e+02 3.782051282051281937e-01 7.375000000000000000e+01
1.950000000000000000e+02 8.676923076923077904e-02 1.692000000000000171e+01
1.950000000000000000e+02 5.758974358974359303e-02 1.123000000000000043e+01
1.950000000000000000e+02 1.253333333333333244e-01 2.443999999999999773e+01
1.940000000000000000e+02 1.175257731958762875e-01 2.280000000000000071e+01
1.940000000000000000e+02 3.858247422680411987e-01 7.484999999999999432e+01
1.950000000000000000e+02 3.674871794871794606e-01 7.165999999999999659e+01
1.950000000000000000e+02 2.601538461538461799e-01 5.073000000000000398e+01
1.950000000000000000e+02 2.047179487179486834e-01 3.991999999999999460e+01
1.950000000000000000e+02 1.326153846153846072e-01 2.585999999999999943e+01
1.950000000000000000e+02 5.128205128205128607e-05 1.000000000000000021e-02
1.950000000000000000e+02 1.913846153846153753e-01 3.732000000000000028e+01
1.950000000000000000e+02 1.447179487179487134e-01 2.821999999999999886e+01
1.950000000000000000e+02 1.327692307692307783e-01 2.589000000000000057e+01
1.950000000000000000e+02 1.140000000000000041e-01 2.223000000000000043e+01
1.950000000000000000e+02 1.833846153846154237e-01 3.576000000000000512e+01
1.920000000000000000e+02 2.027083333333333515e-01 3.892000000000000171e+01
1.950000000000000000e+02 2.711282051282051242e-01 5.287000000000000455e+01
1.940000000000000000e+02 2.753092783505154961e-01 5.341000000000000369e+01
1.940000000000000000e+02 2.289587628865979330e+00 4.441799999999999500e+02
1.950000000000000000e+02 1.494717948717948941e+00 2.914700000000000273e+02
1.940000000000000000e+02 9.522680412371133940e-01 1.847400000000000091e+02
1.940000000000000000e+02 7.811855670103093896e-01 1.515500000000000114e+02
1.950000000000000000e+02 1.097897435897435825e+00 2.140900000000000034e+02
1.950000000000000000e+02 6.791282051282050425e-01 1.324299999999999784e+02
1.950000000000000000e+02 1.340205128205128382e+00 2.613400000000000318e+02
1.940000000000000000e+02 1.018659793814433057e+00 1.976200000000000045e+02
1.950000000000000000e+02 8.806666666666665977e-01 1.717299999999999898e+02
1.950000000000000000e+02 4.956923076923076543e-01 9.665999999999999659e+01
1.950000000000000000e+02 4.108205128205127954e-01 8.010999999999999943e+01
1.940000000000000000e+02 6.250515463917525327e-01 1.212599999999999909e+02
1.940000000000000000e+02 5.501030927835051099e-01 1.067199999999999989e+02
1.950000000000000000e+02 7.025641025641025106e-01 1.370000000000000000e+02
1.950000000000000000e+02 1.358461538461538387e+00 2.648999999999999773e+02
1.950000000000000000e+02 7.362564102564101987e-01 1.435699999999999932e+02
1.950000000000000000e+02 4.050769230769231122e-01 7.899000000000000909e+01
1.930000000000000000e+02 1.315025906735751149e-01 2.537999999999999901e+01
1.930000000000000000e+02 6.109326424870465955e-01 1.179099999999999966e+02
1.950000000000000000e+02 1.170051282051282060e+00 2.281599999999999966e+02
1.950000000000000000e+02 6.073846153846154117e-01 1.184399999999999977e+02
1.950000000000000000e+02 6.678461538461539782e-01 1.302300000000000182e+02
1.940000000000000000e+02 2.998453608247422797e-01 5.817000000000000171e+01
1.910000000000000000e+02 6.478534031413613059e-01 1.237400000000000091e+02
